   2.29428 -0.0455732 0.00505946 0.00520181 -0.0358692  0.0282592   0.997121
   3.41064 -0.0439753 0.00612472 0.00626707 -0.0359913   0.033142   0.995657
   3.41426 -0.0445079 0.00718999 0.00626707 -0.0315968  0.0327758   0.994924
   3.42051 -0.0455732 0.00665735 0.00679971 -0.0274464  0.0308226   0.993581
   3.42463 -0.0466384 0.00559209 0.00733234 -0.0275684  0.0291137    0.99468
    3.4304 -0.0455732 0.00559209 0.00679971 -0.0315968  0.0267943   0.997244
   3.43428 -0.0450405 0.00665735 0.00626707 -0.0346485  0.0253295   0.997244
   3.44459 -0.0455732 0.00718999 0.00466918 -0.0323292  0.0283812   0.995168
   3.57044 -0.0445079 0.00665735 0.00466918 -0.0322071   0.029724   0.995901
   3.57457 -0.0439753 0.00612472 0.00520181 -0.0375782  0.0275267    0.99822
   3.58051 -0.0434426 0.00612472 0.00573444 -0.0362354  0.0260619   0.996877
   4.08989 -0.0434426 0.00612472 0.00520181 -0.0311085  0.0294799   0.992605
    4.1106 -0.0450405 0.00665735 0.00360391 -0.0276905  0.0319213   0.991384
   4.11425 -0.0455732 0.00665735 0.00466918 -0.0270802  0.0305785   0.992971
   4.12064 -0.0455732 0.00612472 0.00520181 -0.0306202   0.026184   0.994924
   4.57468 -0.0450405 0.00559209 0.00573444 -0.0306202  0.0255736   0.995535
   4.60457 -0.0445079 0.00559209 0.00413654 -0.0317188  0.0316771   0.995412
   4.69029 -0.0434426 0.00612472 0.00253865 -0.0335499  0.0355834   0.995168
   4.69459   -0.04291 0.00559209 0.00413654 -0.0291554    0.03656   0.993215
   4.70041 -0.0445079 0.00559209 0.00573444 -0.0262257  0.0339965   0.992727
   4.70429 -0.0455732 0.00559209 0.00733234 -0.0254932  0.0293578   0.992361
   5.08051 -0.0466384 0.00612472 0.00679971 -0.0256153  0.0253295   0.992361
   5.08466 -0.0450405 0.00718999 0.00520181 -0.0276905  0.0228881   0.993459
    5.0906 -0.0439753 0.00559209 0.00626707 -0.0323292  0.0223998   0.996267
   5.37059 -0.0439753 0.00399419 0.00573444 -0.0309864  0.0307006   0.996999
    5.3901   -0.04291 0.00399419 0.00360391 -0.0261036   0.036682   0.992971
   5.39434 -0.0434426 0.00452683 0.00520181 -0.0275684  0.0310668   0.992483
   5.40034 -0.0445079 0.00452683 0.00679971 -0.0291554   0.024475   0.992239
   5.53002 -0.0439753 0.00452683 0.00626707 -0.0323292  0.0206908   0.992727
   5.85465 -0.0434426 0.00612472 0.00573444 -0.0341602  0.0232543   0.994802
   5.88465 -0.0445079 0.00612472 0.00466918 -0.0307423  0.0313109   0.993948
   5.97006 -0.0445079 0.00452683 0.00307128 -0.0275684  0.0361937   0.993703
   6.04036 -0.0439753 0.00505946 0.00360391 -0.0283009  0.0330199    0.99407
    6.1202 -0.0439753 0.00612472 0.00520181 -0.0287891  0.0249633   0.993337
    6.3604   -0.04291 0.00505946 0.00360391 -0.032085  0.024475  0.995901
   6.37056 -0.0434426 0.00346156 0.00253865 -0.031963 0.0321654  0.995535
   6.38469 -0.0445079 0.00505946 0.00573444 -0.0309864  0.0311889   0.994558
   6.47043 -0.0434426 0.00612472 0.00626707 -0.0367237  0.0256957    0.99761
   6.47456 -0.0439753 0.00452683 0.00413654 -0.0341602  0.0317992   0.996145
   6.48462 -0.0434426 0.00452683 0.00466918 -0.0315968  0.0293578    0.99407
   6.67425   -0.04291 0.00505946 0.00466918 -0.0308643   0.028015   0.993581
   6.69436 -0.0445079 0.00559209 0.00520181 -0.0307423  0.0281371   0.996145
   6.70991 -0.0439753 0.00612472 0.00573444 -0.035503 0.0186156  0.998708
   6.71454 -0.0439753 0.00559209 0.00626707 -0.0370899  0.0199584    0.99761
   6.81462 -0.0455732 0.00559209 0.00679971 -0.0373341  0.0231322   0.996023
   6.82049 -0.0439753 0.00559209 0.00626707 -0.0326954  0.0250853   0.993337
   6.94426   -0.04291 0.00559209 0.00733234 -0.0287891  0.0260619   0.992849
    6.9503 -0.0445079 0.00505946 0.00520181 -0.0347706  0.0287474   0.997854
   7.16429 -0.0445079 0.00399419 0.00413654 -0.0383106  0.0336303   0.999685
    7.1699 -0.0450405 0.00505946 0.00573444 -0.0386768  0.0307006    1.00091
   7.27036 -0.0455732 0.00559209 0.00626707 -0.0330616  0.0281371   0.996389
    7.3242 -0.0439753 0.00452683 0.00786497 -0.0298878  0.0260619   0.992117
    7.4003   -0.04291 0.00505946 0.00626707 -0.0350147  0.0256957   0.997366
   7.71457   -0.04291 0.00505946 0.00413654 -0.0314747  0.0311889   0.996511
   7.73432 -0.0434426 0.00452683 0.00520181 -0.030254 0.0343627  0.995412
   7.76061 -0.0434426 0.00505946 0.00573444 -0.0324513  0.0326537   0.996267
   7.76459 -0.0439753 0.00505946 0.00573444 -0.0324513  0.0316771   0.994558
   7.79476 -0.0450405 0.00505946 0.00573444 -0.0347706  0.0281371    0.99761
   7.95437 -0.0455732 0.00505946 0.00413654 -0.0328175  0.0274047   0.996999
   7.97009 -0.0450405 0.00505946 0.00360391 -0.0295216  0.0298461   0.993948
   8.22441 -0.0434426 0.00505946 0.00413654 -0.0312306  0.0267943   0.996755
   8.22989 -0.0445079 0.00505946 0.00466918 -0.0351368  0.0293578   0.996999
   8.45052 -0.0455732 0.00505946 0.00413654 -0.0347706   0.034973   0.993581
   8.66052 -0.0445079 0.00505946 0.00413654 -0.0350147  0.0364379   0.993826
   8.75994 -0.0450405 0.00399419 0.00573444 -0.0375782  0.0307006   0.998342
   8.99422 -0.0445079 0.00399419 0.00520181 -0.0377003  0.0267943    1.00017
   9.00038 -0.0445079 0.00505946 0.00520181 -0.0318409  0.0333861   0.996389
   9.04426 -0.0455732 0.00559209 0.00679971 -0.0269581  0.0350951   0.993093
   9.05035 -0.0439753 0.00559209 0.00786497 -0.0276905  0.0254516   0.993337
   9.05464 -0.0434426 0.00559209 0.00786497 -0.0318409  0.0205687   0.996145
   9.16427 -0.0450405 0.00612472 0.00786497 -0.0374561  0.0225219    0.99761
    9.2346 -0.0461058 0.00612472 0.00626707 -0.0325733  0.0286254   0.994436
   9.53032 -0.0466384 0.00505946 0.00466917 -0.0296436  0.0316771   0.993826
   9.68017 -0.0466384 0.00452683 0.00626707 -0.0358692  0.0313109   0.997366
   9.76057 -0.0450405 0.00505946 0.00573444 -0.0331837  0.0317992   0.996023
   9.94057 -0.0439753 0.00505946 0.00413654 -0.030254 0.0316771  0.992849
     10.04 -0.0445079 0.00452683 0.00307128 -0.0297657  0.0298461   0.992605
   10.0504 -0.0439753 0.00452683 0.00360391 -0.0283009  0.0265502   0.993459
   10.1604 -0.0445079 0.00452683 0.00573444 -0.0275684  0.0276488   0.994314
   10.3247 -0.0450405 0.00452683 0.00520181 -0.0273243  0.0258178   0.993703
   10.3304 -0.0439753 0.00559209 0.00520181 -0.0304981  0.0223998   0.995046
   10.3702 -0.0439753 0.00559209 0.00520181 -0.0350147  0.0220336   0.997732
   10.3747   -0.04291 0.00559209 0.00520181 -0.0380665  0.0247191   0.998342
   10.4446 -0.0418447 0.00399419 0.00573444 -0.0350147  0.0258178   0.995901
   10.5399 -0.0423774 0.00346156 0.00520181 -0.0339161  0.0243529   0.995779
   10.9603 -0.0434426 0.00612472 0.00573444 -0.0312306  0.0260619   0.995535
   11.1147 -0.0455732 0.00559209 0.00466918 -0.0262257  0.0298461    0.99175
     11.22 -0.0455732 0.00505946 0.00413654 -0.0286671  0.0330199   0.992239
   11.2848 -0.0434426 0.00718999 0.00466918 -0.0330616  0.0316771   0.996023
   11.3399   -0.04291 0.00665735 0.00626707 -0.0325733  0.0258178   0.996877
   11.6105 -0.0445079 0.00559209  0.0067997 -0.0339161  0.0232543   0.996633
   11.6199 -0.0455732 0.00505946 0.00466917 -0.0356251  0.0205687   0.997488
   11.6497 -0.0434426 0.00452683 0.00360391 -0.0361134  0.0205687   0.997488
   11.6547 -0.0434426 0.00559209 0.00200601 -0.0368458  0.0293578   0.996511
   11.6599 -0.0445079 0.00559209 0.00307128 -0.0339161  0.0305785    0.99761
   11.8206 -0.0434426 0.00452683 0.00466917 -0.0352589  0.0266723   0.998098
   11.8305 -0.0439753 0.00346156  0.0067997 -0.0380665  0.0231322   0.997366
   12.2406 -0.0450405 0.00399419  0.0067997 -0.0346485  0.0234984   0.997854
   12.4043 -0.0445079 0.00452683 0.00520181 -0.0293995  0.0300902   0.996023
   12.5004 -0.0445079 0.00505946 0.00573444 -0.0280567  0.0352172   0.994192
   12.5647 -0.0445079 0.00559209 0.00573444 -0.0264698  0.0341185   0.994314
   12.5703 -0.0450405 0.00559209 0.00360391 -0.0311085  0.0330199   0.997732
   12.5904 -0.0455732 0.00612472 0.00307128 -0.0377003  0.0309447    1.00066
   12.7943 -0.0439753 0.00612472 0.00413654 -0.0357472  0.0283812   0.998708
   12.8543 -0.0423774 0.00559209 0.00413654 -0.0328175  0.0259398   0.997121
   12.8904 -0.0434426 0.00559209 0.00466917 -0.0361134  0.0250853   0.997854
   12.9004 -0.0445079 0.00559209 0.00413654 -0.0381886  0.0286254    0.99822
   12.9347 -0.0445079 0.00505946 0.00413654 -0.0351368  0.0317992   0.996145
   12.9404 -0.0445079 0.00505946 0.00520181 -0.0311085  0.0353392   0.993215
   12.9443 -0.0445079 0.00559209 0.00520181 -0.0264698  0.0354613   0.991628
   12.9503 -0.0461058 0.00612472 0.00573444 -0.0258595  0.0320433   0.993581
   12.9543 -0.0450405 0.00612472 0.00520181 -0.0263477  0.0305785   0.994192
   13.0206   -0.04291 0.00505946 0.00466918 -0.0265919  0.0320433   0.993093
   13.1905 -0.0434426 0.00399419 0.00679971 -0.0273243  0.0327758    0.99529
   13.5343 -0.0439753 0.00505946 0.00520181 -0.0322071  0.0298461   0.998098
   13.6946 -0.0439753 0.00612472 0.00200601 -0.0324513  0.0304564   0.995657
   13.7004 -0.0450405 0.00559209 0.00360391 -0.0334278  0.0307006   0.995901
   13.7204 -0.0455732 0.00452683 0.00520181 -0.0322071  0.0269164   0.995535
   13.8446 -0.0439753 0.00559209 0.00360391 -0.0276905  0.0294799   0.992239
   13.8701 -0.0434426 0.00612472 0.00413654 -0.0325733  0.0299682   0.995412
   13.9047 -0.0434426 0.00452683 0.00520181 -0.0308643  0.0288695   0.993826
   13.9805 -0.0434426 0.00452683 0.00413654 -0.0308643  0.0316771   0.992971
   14.1343 -0.0434426 0.00505946 0.00360391 -0.0307423  0.0317992   0.993703
   14.2246   -0.04291 0.00505946 0.00466918 -0.0286671  0.0303344   0.992483
   14.2304 -0.0423774 0.00559209 0.00626707 -0.0333057  0.0285033   0.996023
   14.2343 -0.0434426 0.00559209 0.00679971 -0.0370899   0.026184   0.999563
   14.2405 -0.0445079 0.00559209 0.00520181 -0.0326954  0.0239867   0.996389
   14.4703 -0.0439753 0.00559209 0.00413654 -0.0281788  0.0245971   0.992727
   14.5047 -0.0434426 0.00559209 0.00466917 -0.0309864  0.0242308   0.995046
   14.8204 -0.0423774 0.00612472 0.00520181 -0.0293995  0.0252074   0.994802
   15.1504   -0.04291 0.00612472 0.00466918 -0.030254 0.0307006  0.994192
   15.1646 -0.0445079 0.00559209 0.00466918 -0.0335499  0.0353392   0.995168
   15.2504   -0.04291 0.00612472 0.00573444 -0.0308643  0.0328978   0.994558
   15.2646 -0.0423774 0.00665735 0.00573444 -0.0318409  0.0260619   0.996999
   15.2703 -0.0439753 0.00559209 0.00733234 -0.0362354  0.0253295   0.997121
   15.4147   -0.04291 0.00505946 0.00626707 -0.0325733  0.0272826   0.993459
   15.5047   -0.04291 0.00452683 0.00466918 -0.0328175  0.0282592   0.995412
   15.5204   -0.04291 0.00452683 0.00573444 -0.0352589   0.027893   0.996267
   15.5247   -0.04291 0.00399419 0.00573444 -0.0300098  0.0300902   0.992727
   15.5305 -0.0439753 0.00452683 0.00520181 -0.0323292  0.0285033   0.996511
   15.5503   -0.04291 0.00559209 0.00360391 -0.0318409  0.0277709   0.996633
   15.6343   -0.04291 0.00505946 0.00307128 -0.0269581  0.0289916    0.99053
   15.6404 -0.0439753 0.00505946 0.00413654 -0.0287891  0.0271605   0.992605
   15.7505 -0.0450405 0.00452683 0.00733234 -0.031963 0.0271605  0.996145
   15.8704 -0.0450405 0.00399419 0.00679971 -0.0333057   0.027893   0.996145
   15.9405 -0.0434426 0.00452683 0.00360391 -0.0301319  0.0270385   0.994924
   15.9543 -0.0439753 0.00612472 0.00360391 -0.0278126  0.0305785    0.99407
   16.5303 -0.0439753 0.00665735 0.00520181 -0.0324513  0.0313109   0.996145
   16.6946 -0.0434426 0.00612472 0.00679971 -0.0309864  0.0283812   0.995901
   16.7098 -0.0439753 0.00559209 0.00679971 -0.026836 0.0258178  0.995535
   16.7144 -0.0445079 0.00612472 0.00520181 -0.0293995  0.0236205   0.996267
   16.8204 -0.0434426 0.00612472 0.00360391 -0.0333057  0.0255736   0.995535
   16.8247 -0.0418447 0.00452683 0.00360391 -0.0369679   0.028015   0.996755
   16.8304 -0.0423774 0.00452683 0.00307128 -0.0374561   0.031433   0.998342
   16.9704   -0.04291 0.00559209 0.00466918 -0.0353809  0.0288695    0.99761
   17.0305 -0.0423774 0.00559209 0.00520181 -0.0315968  0.0283812   0.995657
   17.1505 -0.0418447 0.00452683 0.00520181 -0.0333057  0.0304564   0.998464
   17.1743 -0.0434426 0.00452683 0.00573444 -0.033672 0.0328978  0.996999
   17.2206 -0.0439753 0.00505946 0.00520181 -0.0309864  0.0302123   0.994558
   17.2346 -0.0439753 0.00505946 0.00626707 -0.0292774  0.0274047   0.993948
   17.4703 -0.0439753 0.00559209 0.00733234 -0.0275684  0.0264281   0.993337
   17.4743 -0.0434426 0.00612472 0.00626707 -0.0314747  0.0208129   0.997121
   17.4805 -0.0423774 0.00559209 0.00466917 -0.0309864  0.0302123   0.995901
   17.8104 -0.0418447 0.00559209 0.00573444 -0.026836 0.0336303  0.995046
   17.8503   -0.04291 0.00612472 0.00573444 -0.0322071  0.0256957   0.996511
   17.8646   -0.04291 0.00665735 0.00626707 -0.0362354  0.0274047   0.995779
   18.1006 -0.0439753 0.00665735 0.00679971 -0.0362354  0.0293578   0.998342
   18.1047 -0.0434426 0.00559209 0.00679971 -0.0378224  0.0276488    1.00091
   18.1104 -0.0434426 0.00505946 0.00626707 -0.0312306  0.0269164   0.995168
   18.1946 -0.0450405 0.00559209 0.00253865 -0.0264698  0.0319213   0.990286
   18.4306 -0.0445079 0.00612472 0.00200602 -0.026836 0.0376586  0.992239
   18.4347   -0.04291 0.00559209 0.00520181 -0.0303761  0.0316771   0.995046
   18.5143 -0.0423774 0.00452683 0.00679971 -0.0334278  0.0286254   0.995412
   18.5299 -0.0434426 0.00399419 0.00573444 -0.0286671   0.028015   0.993093
   18.5406 -0.0439753 0.00399419 0.00413654 -0.0293995  0.0266723   0.993703
   18.7705 -0.0434426 0.00399419 0.00520181 -0.030254 0.0281371   0.99468
   19.0905   -0.04291 0.00505946 0.00679971 -0.0329395  0.0265502   0.995657
   19.1406   -0.04291 0.00559209 0.00520181 -0.0334278  0.0281371   0.996145
   19.1548   -0.04291 0.00559209 0.00573444 -0.0333057  0.0286254   0.997488
   19.1744 -0.0434426 0.00612472  0.0083976 -0.035503 0.0258178  0.998098
   19.4106 -0.0439753 0.00612472  0.0067997 -0.0351368   0.024475   0.996389
    19.421 -0.0445079 0.00559209 0.00360391 -0.0357472  0.0294799   0.995657
   19.4252 -0.0439753 0.00452683 0.00413654 -0.0307423  0.0302123   0.994314
    19.441 -0.0423774 0.00505946 0.00520181 -0.0291554   0.026184   0.994558
   19.4453   -0.04291 0.00505946 0.00626707 -0.0295216  0.0260619    0.99529
   19.5113 -0.0445079 0.00505946 0.00679971 -0.0335499  0.0299682   0.996267
   19.6614 -0.0455732 0.00559209 0.00573444 -0.0375782  0.0311889   0.998098
   19.7016 -0.0450405 0.00346156 0.00466918 -0.0333057  0.0293578   0.997366
   19.7054 -0.0450405 0.00399419 0.00466918 -0.0280567  0.0305785   0.995046
   19.8221 -0.0445079 0.00559209 0.00573444 -0.028545 0.0289916  0.994558
    19.826   -0.04291 0.00612472 0.00520181 -0.033672 0.0260619  0.995535
   19.8313 -0.0418447 0.00452683 0.00573444 -0.037212  0.028015  0.996389
   19.9062 -0.0445079 0.00346156 0.00679971 -0.0364796  0.0311889   0.993459
   19.9118 -0.0450405 0.00452683 0.00626707 -0.0309864  0.0313109   0.992727
   20.0622 -0.0423774 0.00452683 0.00466918 -0.0273243  0.0310668   0.994436
   20.2267   -0.04291 0.00452683 0.00413654 -0.0261036  0.0303344   0.992239
   20.3727   -0.04291 0.00399419 0.00573444 -0.0252491  0.0332641    0.99053
    20.443 -0.0439753 0.00505946 0.00733234 -0.0281788  0.0322875   0.993337
   20.4472 -0.0439753 0.00612472 0.00733234 -0.0322071  0.0264281   0.996023
   20.7943 -0.0434426 0.00559209 0.00466918 -0.0312306  0.0292357    0.99529
   20.9883 -0.0434426 0.00452683 0.00413654 -0.0263477  0.0299682   0.993459
   21.0282 -0.0423774 0.00452683 0.00466918 -0.0291554  0.0260619    0.99468
   21.1043 -0.0418447 0.00505946 0.00360391 -0.0344044  0.0255736   0.996999
   21.1084 -0.0439753 0.00505946 0.00360391 -0.0296436  0.0321654   0.993337
   21.1987 -0.0450405 0.00559209 0.00413654 -0.0273243  0.0324096    0.99175
   21.2244 -0.0439753 0.00665735 0.00413654 -0.030254  0.026184   0.99468
   21.3443 -0.0439753 0.00612472 0.00520181 -0.0290333  0.0328978   0.994192
   21.4386 -0.0439753 0.00452683 0.00679971 -0.0284229  0.0308226   0.994436
   21.5188 -0.0434426 0.00505946 0.00520181 -0.033672 0.0245971  0.996145
    21.525 -0.0439753 0.00612472 0.00360391 -0.0323292  0.0265502   0.994558
    21.619 -0.0445079 0.00612472 0.00413654 -0.0314747  0.0258178    0.99529
    21.625 -0.0434426 0.00452683 0.00626707 -0.0328175  0.0217894   0.996023
   21.6551 -0.0418447 0.00399419 0.00679971 -0.0301319  0.0198363   0.994192
   21.7252 -0.0418447 0.00452683 0.00520181 -0.0348927  0.0253295   0.996633
   21.7348   -0.04291 0.00452683 0.00520181 -0.0339161  0.0304564   0.996633
   21.7495 -0.0434426 0.00452683 0.00466918 -0.0301319  0.0339965    0.99529
   21.9156 -0.0439753 0.00399419 0.00360391 -0.0314747  0.0360717   0.996511
   21.9195 -0.0434426 0.00399419 0.00360391 -0.0331837  0.0322875   0.996511
   22.3164 -0.0439753 0.00399419 0.00466918 -0.0348927  0.0272826   0.998098
   22.3865 -0.0445079 0.00399419 0.00626707 -0.0369679  0.0276488   0.998953
   22.3907 -0.0450405 0.00452683 0.00626707 -0.0384327  0.0309447   0.999563
   22.4909 -0.0439753 0.00559209 0.00520181 -0.0323292  0.0296019   0.994314
   22.5066 -0.0423774 0.00612472 0.00520181 -0.0306202  0.0243529   0.991628
   22.6268   -0.04291 0.00559209 0.00520181 -0.0345265  0.0226439   0.996511
    22.697   -0.04291 0.00505946 0.00520181 -0.030254 0.0247191  0.994558
   22.7208   -0.04291 0.00399419 0.00520181 -0.0287891  0.0326537   0.992849
   22.7466 -0.0418447 0.00399419 0.00520181 -0.0290333  0.0361937   0.994558
    22.821   -0.04291 0.00452683 0.00573444 -0.0292774  0.0310668   0.994314
    22.831 -0.0434426 0.00559209 0.00520181 -0.0359913  0.0315551   0.996389
   22.9074 -0.0439753 0.00665735 0.00413654 -0.0366016  0.0316771   0.996511
   22.9373 -0.0450405 0.00452683 0.00520181 -0.0301319  0.0287474   0.992483
   22.9573 -0.0434426 0.00346156 0.00626707 -0.026714 0.0307006   0.99175
   23.0316 -0.0439753 0.00505946 0.00573444 -0.0276905  0.0328978   0.992239
   23.0919 -0.0445079 0.00559209 0.00200601 -0.0264698  0.0292357   0.990652
   23.5821 -0.0439753 0.00559209 0.00200601 -0.0279347  0.0287474    0.99114
   23.7127 -0.0423774 0.00559209 0.00413654 -0.0342823  0.0292357   0.997121
   23.7728 -0.0418447 0.00505946 0.00466918 -0.0335499  0.0258178    0.99883
   23.7981 -0.0434426 0.00505946 0.00520181 -0.0283009  0.0285033   0.993459
   23.8229 -0.0434426 0.00505946 0.00466918 -0.0312306   0.029724   0.992971
   23.8425   -0.04291 0.00399419 0.00679971 -0.0346485   0.027893   0.995046
   23.9189   -0.04291 0.00346156 0.00413655 -0.0307423  0.0303344   0.993703
   24.0031 -0.0434426 0.00452683 0.00200602 -0.0272022  0.0309447    0.99175
    24.029 -0.0434426 0.00612472 0.00626707 -0.0254932  0.0304564   0.992849
   24.1034 -0.0423774 0.00505946 0.00626707 -0.0304981   0.026306   0.995779
    24.113 -0.0418447 0.00346156 0.00573444 -0.0345265  0.0236205   0.997366
   24.3195 -0.0439753 0.00505946 0.00626707 -0.0311085   0.029724   0.997121
   24.6502 -0.0439753 0.00505946 0.00466917 -0.0283009  0.0309447   0.993948
   24.8644 -0.0418447 0.00505946 0.00466917 -0.0309864  0.0243529    0.99468
   24.8744   -0.04291 0.00559209 0.00573444 -0.0328175  0.0282592   0.996267
   24.9947 -0.0434426 0.00559209 0.00520181 -0.0311085   0.029724   0.994802
   25.0097 -0.0418447 0.00559209 0.00200602 -0.0340382  0.0232543   0.995779
     25.12 -0.0423774 0.00452683 0.00040812 -0.037212 0.0288695   0.99822
   25.1249 -0.0439753 0.00399419 0.00147338 -0.0317188  0.0363158    0.99529
   25.2061 -0.0423774 0.00452683 0.00360391 -0.0297657  0.0322875   0.993948
   25.3008 -0.0413121 0.00452683 0.00413654 -0.030254 0.0282592  0.994924
   25.3151   -0.04291 0.00452683 0.00520181 -0.0274464  0.0311889   0.992117
   25.3748 -0.0445079 0.00505946 0.00626707 -0.0278126  0.0311889   0.991628
   25.4204 -0.0434426 0.00505946 0.00520181 -0.0281788  0.0328978   0.992483
   25.4552 -0.0423774 0.00559209 0.00466917 -0.0322071  0.0325316   0.996755
   25.4953   -0.04291 0.00559209 0.00626707 -0.0373341  0.0285033     1.0003
   25.5013   -0.04291 0.00452683 0.00573444 -0.0340382  0.0307006   0.997854
   25.5254 -0.0434426 0.00505946 0.00413654 -0.0334278  0.0304564   0.996999
   25.7115 -0.0423774 0.00559209 0.00573444 -0.037212 0.0250853  0.998708
   25.7414 -0.0407795 0.00399419 0.00573444 -0.031963  0.026184  0.998098
   25.7657   -0.04291 0.00346156 0.00413654 -0.0308643  0.0267943   0.996633
   25.8754   -0.04291 0.00505946 0.00413654 -0.0333057  0.0274047   0.996877
   25.9255 -0.0413121 0.00612472 0.00413654 -0.0300098   0.031433   0.995779
   25.9316 -0.0423774 0.00559209 0.00413654 -0.0275684  0.0304564   0.992849
   26.1819   -0.04291 0.00505946 0.00520181 -0.0304981  0.0288695   0.994314
   26.2214 -0.0434426 0.00505946 0.00413654 -0.0312306  0.0307006   0.994558
   26.2763 -0.0450405 0.00612472 0.00200601 -0.0300098  0.0363158   0.993459
   26.3764 -0.0445079 0.00559209 0.00147338 -0.031963 0.0341185  0.993337
   26.5823 -0.0423774 0.00452683 0.00466918 -0.0331837  0.0258178   0.994436
   26.6025 -0.0407795 0.00559209 0.00626707 -0.030254 0.0309447   0.99529
   26.6265 -0.0418447 0.00505946 0.00413654 -0.0261036  0.0342406   0.992239
   26.7268 -0.0439753 0.00505946 0.00360391 -0.0275684  0.0339965   0.992971
   26.9071 -0.0434426 0.00452683 0.00626707 -0.0329395  0.0344848   0.995901
   27.0626   -0.04291 0.00452683  0.0067997 -0.0331837  0.0277709   0.995535
   27.0831   -0.04291 0.00505946 0.00520181 -0.0346485   0.026306   0.996389
   27.1275   -0.04291 0.00452683 0.00520181 -0.033672 0.0311889  0.996511
   27.2183 -0.0450405 0.00559209 0.00626707 -0.0304981  0.0321654   0.996755
   27.2232 -0.0455732 0.00612472 0.00626707 -0.0292774  0.0319213   0.994802
   27.6577   -0.04291 0.00559209 0.00360391 -0.0312306  0.0281371   0.993826
   27.8883 -0.0418447 0.00399419 0.00413654 -0.0308643  0.0271605   0.995535
   28.0081 -0.0423774 0.00292893 0.00466918 -0.0257374  0.0283812    0.99407
   28.0143 -0.0418447 0.00346156 0.00360391 -0.0287891  0.0237426   0.995779
   28.1544 -0.0402468 0.00346156 0.00413654 -0.0326954  0.0225219   0.996511
   28.1586 -0.0407795 0.00399419 0.00573444 -0.0314747  0.0202025   0.995412
   28.1886 -0.0418447 0.00559209 0.00466918 -0.0309864  0.0249633   0.995168
