                   0  0 -0  0 0 0 0 0 0 0 0 0 0 0 0 0 1 0 0
                   0  0 -0  0 0 0 0 0 0 0 0 0 0 0 0 0 1 0 0
                   0  0 -0  0 0 0 0 0 0 0 0 0 0 0 0 0 1 0 0
            0.399801  0.00801493   0.0052895 0.000855791 -3.44703e-05   2.2683e-05 -1.49247e-05 -0.000417189 -1.90886e-05 -0.000485602 0 0 0 0 0 0 1 0 0
            0.499633  0.0546921  0.0251888 -0.0133502 -0.000470829   0.00287536  0.000734822 -0.000229269  -0.00142373 -0.000565749 -6.44274e-08 -2.73342e-08  2.65537e-08   2.1423e-09 -1.54644e-08 -4.19817e-09 1 0 0
            0.599473 -0.0903212   -0.08567  0.0135617  0.00267559  0.00805594 -0.00558894 0.00641318  0.0197789 -0.0201747  1.18878e-05  1.05421e-05 -4.62535e-06 -1.48565e-06 -2.65481e-06  3.00311e-06 1 0 0
            0.700113 -0.0791647 -0.0378184 0.00672685 -0.00120519   0.0116201 -0.00239032   -0.0103162    0.0268988 -0.000469495    1.117e-05  4.25417e-06 -3.84995e-06  2.69139e-06 -4.06262e-06 -1.98782e-06 1 0 0
            0.799973  -0.165596 -0.0250456 -0.0117136  -0.00336027    0.0107674 -0.000745134 -0.0144439  0.0169239  0.0061842  2.17418e-05   2.2395e-06 -2.79121e-06 5.17947e-06 4.69892e-06 -6.0637e-06 1 0 0
            0.899722  -0.126193 -0.0291947 0.00559277   -0.003048    0.010336 7.57739e-05 -0.00790082   0.0112105  0.00675632  1.76463e-05  3.51851e-06 -4.63712e-06 -9.79378e-06  1.51447e-05 -1.09778e-05 1 0 0
             0.99965   -0.121181  -0.0562293 -0.00269297   0.0011282   0.0102851 -0.00276877   0.0109189  0.00887359 -0.00448787  1.83231e-05  7.83279e-06 -3.83397e-06 -6.07051e-05  2.38792e-05  1.07786e-05 1 0 0
             1.09949  -0.137581 -0.0483257  0.0155573 1.94028e-05  0.00939726 -0.00291308   0.0015684  0.00474799 -0.00379163   2.0808e-05  8.22845e-06 -5.88732e-06 -2.98734e-05  4.34185e-05  1.08733e-05 1 0 0
             1.20014   -0.136056  -0.0470405 -0.00545704 0.000656534   0.0063009 -0.00398921   0.0024597 -0.00589177 -0.00534315  2.05276e-05  8.58949e-06 -3.46509e-06 -3.74594e-05  8.74054e-05  2.00478e-05 1 0 0
             1.29901  -0.123112 -0.0242485 0.00138563 -0.00170684  0.00579692 -0.00211605 -0.00821445 -0.00385032   0.0030412  2.01362e-05   8.0072e-06 -4.25195e-06 1.26627e-06 8.75257e-05 -1.1682e-05 1 0 0
             1.39763  -0.109182 -0.0467035  0.0222937 -0.00142917  0.00874832  -0.0037417  -0.0052851  0.00771695 -0.00333496  2.10887e-05  1.04705e-05 -6.45813e-06 -1.58736e-05  4.34385e-05  1.57049e-05 1 0 0
             1.49632  -0.118152 -0.0255729  0.0068456  -0.0018614  0.00724592 -0.00156306 -0.00524283  0.00200942    0.006416  2.27055e-05  8.02964e-06 -4.66703e-06 -2.07339e-05  7.60836e-05 -2.10778e-05 1 0 0
             1.59509  -0.134323 -0.0361216  0.0137184 -0.0012762 0.00307829 -0.0017442 -0.00158711  -0.0107018  0.00371635  2.45431e-05  9.58755e-06 -5.43168e-06 -3.98705e-05   0.00013697  -9.8251e-06 1 0 0
              1.6998   -0.161864  -0.0540742 -0.00247534  0.00168284  0.00200813 -0.00364581   0.0102768 -0.00828291 -0.00339858  2.89488e-05  1.21328e-05 -4.02397e-06 -9.1345e-05 0.000138462 2.09331e-05 1 0 0
             1.79965  -0.138047 -0.0306677 0.00844472 -0.00168114  0.00462421 -0.00284298  -0.00792651   0.00536004 -0.000596573  2.76744e-05   1.1272e-05 -4.86465e-06 -2.10176e-05  9.39848e-05  7.94482e-06 1 0 0
              1.8995   -0.152345  -0.0589777 -0.00516717  0.00111407  0.00423126 -0.00222814 0.00705735 0.00381971 0.00335035  3.02447e-05  1.34398e-05 -3.31168e-06 -8.34511e-05  0.000109221 -6.06056e-06 1 0 0
             2.00014  -0.117683 -0.0555992  0.0150128   0.00221935  4.41902e-05 -0.000591299 0.00780499 -0.0104116 0.00746779  2.48251e-05  1.31314e-05 -5.87541e-06 -9.35047e-05  0.000171307 -2.66643e-05 1 0 0
             2.09999  -0.121155 -0.0297715  0.0136414 -0.00123139 0.000358535  0.00166097  -0.0111251 -0.00427432    0.011653  2.62688e-05  1.18726e-05 -5.57159e-06 -2.28187e-05  0.000153075 -4.51604e-05 1 0 0
             2.19982  -0.185287 -0.0635306 -0.0256637  0.00108679  0.00013734 -0.00200811  0.000908134 -0.000654272   -0.0046654  3.50525e-05  1.53186e-05 -7.92333e-07 -7.8636e-05 0.000154065 2.64133e-05 1 0 0
             2.29972  -0.155672 -0.0373657  0.0108681 -0.000614567  0.000608672 -0.000921869 -0.00695193  0.00333468  0.00027033  3.30653e-05  1.34334e-05 -5.08565e-06 -4.97623e-05  0.000147451  3.70431e-06 1 0 0
             2.39955  -0.119525 -0.0545326   0.018529  -0.0009221  0.00518595 -0.00424197 -0.00697125   0.0193472  -0.0116617  3.08362e-05  1.57896e-05 -6.19429e-06 -5.22506e-05  8.79949e-05  5.51281e-05 1 0 0
              2.4998  -0.124133 -0.0412228 0.00780415 -0.00150682  0.00760884 -0.00315755 -0.00601445   0.0227593 -0.00287718  3.33475e-05  1.46088e-05 -4.93205e-06 -5.74697e-05  8.29892e-05   2.0168e-05 1 0 0
             2.59874  -0.179344 -0.0431048 -0.0123291 7.02245e-05  0.00357904  -0.0014022  0.0038821 0.00302797 0.00536267  4.02897e-05   1.4923e-05 -2.58347e-06 -0.000102676  0.000177924 -1.54604e-05 1 0 0
             2.69744  -0.151457 -0.0466108  0.0115802 -0.000388336     0.004818  -0.00205469 -0.00164222   0.0076712  0.00105525  3.77946e-05  1.55302e-05 -5.61479e-06 -8.69818e-05   0.00016474  4.60624e-06 1 0 0
             2.79623  -0.133258 -0.0279754  0.0102894  -0.00220015   0.00627929 -0.000146507 -0.00891215   0.0119133   0.0078447  3.63999e-05  1.39707e-05 -5.57052e-06  -5.9134e-05    0.0001553 -2.27471e-05 1 0 0
             2.89992  -0.140091 -0.0601366  0.0100483 -0.000552056   0.00513392  -0.00368278 0.000176782  0.00524988 -0.00715077  3.77221e-05   1.7931e-05 -5.53267e-06 -0.000101761  0.000192016  4.33728e-05 1 0 0
             2.99976  -0.150308 -0.0353601   0.012495 -0.00314206  0.00491036 -0.00319758  -0.0113224  0.00474417 -0.00320012 3.97127e-05 1.68037e-05 -6.1681e-06 -5.88219e-05   0.00020455  2.74472e-05 1 0 0
             3.09959  -0.109136 -0.0630834  0.0127864 -0.000475751   0.00762425  -0.00237331 0.00446312  0.0128243 0.00220266   3.6144e-05   1.9445e-05 -5.62401e-06 -0.000131167  0.000173642  3.89662e-06 1 0 0
             3.19983  -0.143681 -0.0432118  0.0061997  0.00129005   0.0034327 -0.00211175  0.00977853 -0.00430404  0.00300385   4.1601e-05  1.72581e-05 -5.11476e-06 -0.000157378  0.000256215  2.71963e-06 1 0 0
             3.29974  -0.134753 -0.0308176 0.00912997  5.05956e-05 -0.000517217 -0.000881113 -8.61196e-05   -0.0151576   0.00606495  4.09527e-05  1.67513e-05 -5.51663e-06 -0.000117854   0.00030966 -9.41779e-06 1 0 0
             3.39957   -0.152981   -0.036844 -0.00220328  0.000179618  -0.00342111 -0.000694128 -0.00112942  -0.0180103  0.00645419  4.46984e-05  1.87258e-05 -4.29328e-06 -0.000122734  0.000332886 -8.60427e-07 1 0 0
             3.49981  -0.138462 -0.0254363 0.00615492 -0.00168856 -0.00168788 -0.00103754  -0.0102841 -0.00376314  0.00298179  4.42897e-05  1.81629e-05 -5.40373e-06 -8.88681e-05  0.000280033  1.81821e-05 1 0 0
             3.59954    -0.1557 -0.0553658 0.00917709 -0.000181594 -0.000399646  -0.00323765 -0.00122928  0.00338102 -0.00501181  4.80868e-05  2.27346e-05 -5.34355e-06 -0.000135236  0.000257064  5.74375e-05 1 0 0
             3.69948  -0.119773 -0.0451268 0.00256805    -0.00066  0.00377653 -0.00267401 -0.00283658    0.018016 -0.00179627  4.55728e-05  2.17717e-05 -4.87104e-06 -0.000129377  0.000200299  3.94372e-05 1 0 0
             3.79983  -0.139685 -0.0513334 0.00297919  0.00176628  0.00195166 -0.00150925 0.00844594   0.007067 0.00346805  4.99376e-05  2.33076e-05 -4.85654e-06 -0.000186589  0.000260182  1.24912e-05 1 0 0
             3.89855  -0.118503 -0.0507762 0.00964559  0.00106246  0.00249222 -0.00227118  0.000288078   0.00843143 -0.000344257  4.83804e-05  2.39819e-05 -6.05869e-06 -0.000155575  0.000263792  3.43173e-05 1 0 0
             3.99735   -0.134317  -0.0361882 -0.00287406 0.000182496    0.004611 -0.00198089 -0.00344329   0.0149052 0.000621273  5.21433e-05   2.3354e-05 -4.74127e-06 -0.000138832  0.000245095  3.03494e-05 1 0 0
             4.09615  -0.143688  -0.049041 0.00144314 -0.00073687  0.00621706 -0.00314814 -0.00737286   0.0174004 -0.00373757  5.50656e-05  2.61112e-05 -5.00517e-06 -0.000128011  0.000244496  5.19489e-05 1 0 0
             4.19499   -0.136792  -0.0399696 -0.00378148 -0.000306647   0.00697587  -0.00241341 -0.00241632   0.0159435 0.000647748  5.55748e-05  2.50353e-05 -4.40291e-06 -0.000152194  0.000261768  3.15171e-05 1 0 0
             4.30015  -0.125426 -0.0525797  0.0219343 0.000295669  0.00327597 -0.00416286  0.000203071 -0.000973407  -0.00590663 5.34209e-05 2.72186e-05 -7.6786e-06 -0.000169546  0.000344118  6.01988e-05 1 0 0
             4.39999  -0.142789 -0.0410351 0.00542989 -0.00335164  0.00786907 -0.00316798  -0.0164482   0.0170656 -0.00123507  5.85542e-05  2.80869e-05 -5.56416e-06 -0.000104576  0.000274839    3.745e-05 1 0 0
             4.49983   -0.11919 -0.0485173  0.0108009 -0.0006665 0.00417752 -0.0023844   0.00224422 -0.000646977   0.00350774  5.40626e-05  2.52266e-05 -6.89324e-06 -0.000189165   0.00035773  1.72478e-05 1 0 0
             4.59966  -0.131014 -0.0417033 0.00748007 -0.000242333   -0.0021194  -0.00193789 0.00249242 -0.0210099 0.00413555  5.36355e-05  2.44881e-05 -6.80276e-06 -0.000195451  0.000454849  1.59269e-05 1 0 0
             4.69952  -0.132958 -0.0447955  0.0123751  0.000587364  -0.00379882 -0.000707508 0.00503481 -0.0181353 0.00743151  5.59839e-05  2.53989e-05 -7.60911e-06 -0.000207776  0.000450129  1.67863e-06 1 0 0
             4.80011     -0.14138   -0.0475242 -0.000994113     0.001751 -0.000627201  -0.00144414 0.00616447 0.00209781 0.00264933  6.08772e-05  2.58943e-05 -5.95847e-06 -0.00021803  0.00037606 2.58691e-05 1 0 0
              4.8995  -0.149461 -0.0460513 0.00776756 0.000787173  0.00286137  -0.0022871 -0.00187568   0.0155879 -0.00212348   6.4174e-05  2.71329e-05 -7.06371e-06 -0.000186631  0.000326657  4.64172e-05 1 0 0
             4.99982   -0.13492 -0.0507103 0.00541505 -0.000343213   0.00671747  -0.00541568 -0.00810371   0.0254517  -0.0131558    6.512e-05  2.88783e-05 -6.79143e-06 -0.000165147  0.000291603  9.76558e-05 1 0 0
             5.09965  -0.138098 -0.0566128 0.00661828 -0.00183959  0.00825094 -0.00480923  -0.0119394   0.0231851 -0.00513626 6.61369e-05 2.96961e-05 -6.5215e-06 -0.000156663   0.00030886  6.60364e-05 1 0 0
             5.19846  -0.149817 -0.0593566 0.00205599 0.000880052  0.00553943 -0.00388852 0.00527997 0.00642024 0.00157059  6.74257e-05  2.86143e-05 -6.00829e-06 -0.000239818   0.00039163  3.59056e-05 1 0 0
             5.29731  -0.140984 -0.0520227 0.00519288 0.000124913  0.00593309 -0.00334549 -0.000992006    0.0066934   0.00327556  6.76227e-05  2.84519e-05 -6.20492e-06 -0.00021576 0.000396495 3.10132e-05 1 0 0
             5.39618  -0.120546 -0.0388772  0.0118968 -0.000407544   0.00573325   -0.0020824 -0.00307438  0.00542654  0.00659476  6.55622e-05  2.78647e-05 -7.00829e-06 -0.000209242   0.00041247  1.48339e-05 1 0 0
             5.49988   -0.152837  -0.0454642 -0.00116739 0.000795596  0.00245522 -0.00227304  0.00288562 -0.00673078  0.00400577  6.92536e-05  2.82784e-05 -5.77767e-06 -0.000239098  0.000475809  2.85293e-05 1 0 0
             5.59973   -0.152189  -0.0434499 0.000777414 -0.000838396   0.00506678  -0.00249282 -0.00618938   0.0068027  0.00129417  7.17218e-05  2.98053e-05 -5.85937e-06 -0.000201997  0.000427058  4.14704e-05 1 0 0
             5.69956  -0.134832 -0.0489363  0.0122453 -0.000705229   0.00348786  -0.00338978 -0.00357208 7.31728e-06 -0.00235548  6.95061e-05  3.01333e-05 -8.09014e-06 -0.000217572  0.000464339  5.80376e-05 1 0 0
             5.79983  -0.142053 -0.0458361 0.00297925  -0.00153289   0.00623786 -0.000807284 -0.00566257   0.0113118  0.00881361  7.33105e-05  3.01857e-05 -6.41528e-06 -0.000212589  0.000421947  8.47387e-06 1 0 0
             5.89966  -0.139962 -0.0430769 0.00678802 -3.45407e-05    0.0087184  -0.00226374  0.00212343   0.0178632 0.000816603  7.41991e-05  2.99017e-05 -6.66626e-06  -0.0002524 0.000402405 4.84125e-05 1 0 0
              5.9992  -0.136905 -0.0423983 0.00896606  -0.0012157  0.00539481 -0.00328285 -0.00465114  0.00104489 -0.00321791  7.36596e-05  3.05924e-05 -6.61503e-06 -0.000224242  0.000489892  7.12882e-05 1 0 0
              6.0977   -0.151509  -0.0493384 -0.00161299 0.000805658  0.00599963 -0.00216749 0.00555691 0.00493581 0.00347766  7.66241e-05  3.12231e-05 -5.29471e-06 -0.000278752  0.000484654  4.24668e-05 1 0 0
             6.19998  -0.130491 -0.0482882   0.012001  0.00180365  0.00260132 -0.00194194  0.00716138 -0.00811462  0.00385381  7.40242e-05  3.12176e-05 -7.41993e-06 -0.000289851  0.000551766  4.49771e-05 1 0 0
             6.29989   -0.140018  -0.0514001 -0.00149702 0.000311476  0.00423703 -0.00187404 -0.00359816  0.00231021  0.00229992 7.69745e-05 3.35183e-05 -5.6135e-06 -0.000247018  0.000512872  5.30851e-05 1 0 0
             6.39966   -0.168557  -0.0338289 -0.00698791 -0.000898561   0.00192325  -0.00223671 -0.00752351  -0.0044422 0.000112657  8.16474e-05   3.1778e-05 -5.15452e-06 -0.000228902  0.000557761  6.57218e-05 1 0 0
             6.49842   -0.170504  -0.0540969 -0.00324175  0.00060768   0.0019044 -0.00343361   0.00104673 -0.000757045  -0.00315486 8.24865e-05 3.48686e-05 -5.7048e-06 -0.00027579 0.000553104  8.5482e-05 1 0 0
             6.59731  -0.142495 -0.0463186  0.0111665 -0.00141998  0.00667649 -0.00198632 -0.00906524   0.0188311  0.00283132  8.07852e-05   3.4356e-05 -7.48906e-06 -0.000231524  0.000471473   5.5484e-05 1 0 0
             6.69622    -0.153892   -0.0425106 -0.000188049 8.20798e-05  0.00662868  -0.0021458 0.000432538    0.013576  0.00202966  8.30144e-05  3.38522e-05 -5.96358e-06 -0.00028205 0.000506688 6.10853e-05 1 0 0
             6.79948  -0.130937 -0.0414917 0.00184369 -0.000914091   0.00744649  -0.00306562 -0.00474674   0.0134099  -0.0017799 8.13651e-05 3.50346e-05 -6.8936e-06 -0.000260496  0.000517738  8.30963e-05 1 0 0
              6.9001   -0.146846  -0.0434391 -0.00483347 0.000331824  0.00254519 -0.00346725  0.00238495 -0.00753861 -0.00229691  8.15691e-05  3.48327e-05 -6.90187e-06 -0.000299184  0.000624323  8.44805e-05 1 0 0
             6.99993   -0.154417  -0.0459131 -0.00841681 -0.00107204  0.00321765 -0.00304589  -0.00591364  -0.00068199 -0.000249228  8.41526e-05  3.68422e-05 -6.54424e-06 -0.000268689  0.000602406  7.49992e-05 1 0 0
             7.09979  -0.143528 -0.0448335 0.00702937 -0.00128417  0.00471986 -0.00284639 -0.00507334  0.00601098 0.000987021  8.49723e-05  3.71153e-05 -8.97228e-06 -0.000278296  0.000577049  7.04735e-05 1 0 0
             7.19964  -0.143194 -0.0391235 0.00258783 -0.00255985  0.00595326 -0.00381467 -0.00974794   0.0103102 -0.00365943  8.57837e-05  3.70928e-05 -8.45096e-06 -0.000261856  0.000567752  9.09047e-05 1 0 0
             7.29884  -0.128436 -0.0576297 0.00863069 0.000148411  0.00341148 -0.00375503   0.00566569  -0.00128183 -0.000402023  8.29731e-05  3.65566e-05 -1.02178e-05 -0.000339629  0.000630323   7.9695e-05 1 0 0
             7.39739  -0.122001 -0.0548288 0.00750576 0.000563959  0.00255544 -0.00521667  0.00332559 -0.00210525   -0.005486  8.27338e-05  3.63544e-05 -1.02837e-05 -0.00033597 0.000644099 0.000107034 1 0 0
             7.49963  -0.141557 -0.0491614 0.00161505 0.000294042  0.00423349  -0.0030194 0.000482913  0.00623001  0.00476507  8.90353e-05  3.66258e-05 -9.53355e-06 -0.000327935   0.00061548  5.83091e-05 1 0 0
             7.59949  -0.124073 -0.0558293 0.00202906 0.00215998 0.00313994 -0.0010995 0.00809709 0.00270849  0.0110801  8.66948e-05  3.69195e-05 -9.80612e-06 -0.000370926  0.000647979  2.84027e-05 1 0 0
             7.69956   -0.150984  -0.0461495 -0.00138911 0.000130301  0.00428583 -0.00132951 -0.00551284  0.00850835  0.00529642  9.27793e-05  3.81113e-05 -9.39852e-06 -0.000310898  0.000635661   5.7088e-05 1 0 0
             7.79844     -0.1537  -0.0328464 -0.00518231  -0.00229772    0.0101288 -0.000749643 -0.0145283  0.0282339 0.00499467  9.54049e-05  3.77352e-05 -8.80495e-06 -0.000268779   0.00055025  5.85073e-05 1 0 0
             7.89736  -0.143224 -0.0522405 -0.0109636 -0.000896092   0.00741869  -0.00262797 -0.00353259  0.00998695 -0.00228092  9.29355e-05  3.92289e-05 -8.63643e-06 -0.000329939   0.00064798  0.000100673 1 0 0
             7.99645  -0.114196 -0.0499708 0.00973741 -0.00121815   0.0052566 -0.00234692  -0.00344176  8.40218e-06 -0.000200182  8.93087e-05  3.87646e-05 -1.20407e-05 -0.000332985  0.000704273  9.13348e-05 1 0 0
              8.0995  -0.101413 -0.0500491  0.0133809 -0.000292109   0.00262482  -0.00351018  0.00179397 -0.00782629 -0.00357189  8.88185e-05  3.93267e-05 -1.28263e-05 -0.000360562  0.000752723  0.000112202 1 0 0
             8.20016  -0.124313 -0.0393991 0.00677349 -0.00166219  0.00648636 -0.00207687 -0.00555786   0.0101663  0.00328118  9.60944e-05  3.91042e-05 -1.19324e-05 -0.000330336  0.000673961  8.04824e-05 1 0 0
             8.30003  -0.120158 -0.0502791  0.0115287   0.0012164  0.00376004 -0.00343569  0.00863605 -0.00224298 -0.00241655  9.47878e-05  4.01017e-05 -1.29871e-05 -0.000403186  0.000741654   0.00010726 1 0 0
              8.3999   -0.154049  -0.0434953 -0.00672697 -0.00054811   0.0010671 -0.00364367 -0.00296267 -0.00871628 -0.00239741  0.000100694  4.04569e-05 -1.04947e-05 -0.000344814  0.000788029  0.000111451 1 0 0
             8.49975  -0.117626 -0.0519282  0.0125016 -0.000493857   0.00366957  -0.00367194 -0.00236988  0.00456946 -0.00134399   9.7671e-05  4.19858e-05 -1.34769e-05 -0.00035329 0.000726442 0.000106555 1 0 0
              8.5985   -0.153785  -0.0407963 -0.00309467 0.000177666  0.00302134 -0.00341258  0.00136268  0.00294737 0.000460657  0.000104883  4.03926e-05 -1.16328e-05 -0.00037477  0.00075036 9.78489e-05 1 0 0
             8.69709   -0.12821 -0.0391617  0.0111517 0.000311985  0.00137238 -0.00289925  0.00122321 -0.00286221  0.00268293  0.000101962  4.09381e-05 -1.35503e-05 -0.000376766     0.000787  8.85383e-05 1 0 0
             8.79569   -0.13248 -0.0506058 0.00553876  0.00118331  0.00174083 -0.00223688 0.00345944 0.00156562 0.00443576  0.000104606  4.30451e-05 -1.27861e-05 -0.000395994  0.000777707  7.93387e-05 1 0 0
             8.89951  -0.147171 -0.0483021 0.00344641 0.000666015  0.00120913 -0.00197804 -0.000638372  0.000938703    0.0026476 0.000108198 4.36313e-05 -1.2406e-05 -0.000377837  0.000792343  8.31698e-05 1 0 0
             8.99957   -0.13492 -0.0324163 0.00221404 -0.000712546   0.00415843 -0.000791245 -0.00639994   0.0132124  0.00557754  0.000109487   4.2865e-05 -1.17662e-05 -0.000349778  0.000744256  6.72049e-05 1 0 0
             9.09852  -0.144431  -0.044261 0.00148194  0.000196659   0.00558241 -0.000871714 -0.000470724    0.0151706   0.00430006    0.0001129  4.49864e-05 -1.16151e-05 -0.00038443 0.000744719 7.76728e-05 1 0 0
             9.19759  -0.118377 -0.0349451  0.0058612  -0.00181058    0.0088952 -0.000976154 -0.0103816  0.0230907 0.00211085  0.000111922  4.50882e-05 -1.26627e-05 -0.00033949  0.00071184 9.13033e-05 1 0 0
             9.29671   -0.149078  -0.0512993 -0.00864746  -0.0010518  0.00545175 -0.00531636 -0.00427316  0.00398929  -0.0148613  0.000114664   4.6931e-05 -1.10765e-05 -0.000376454  0.000818355  0.000178333 1 0 0
             9.39956  -0.134565 -0.0432985 0.00675331 -0.00120798  0.00592715 -0.00502993  -0.0032806  0.00583744 -0.00755658  0.000112965  4.63104e-05 -1.30668e-05 -0.00038537 0.000818957 0.000143585 1 0 0
              9.4998  -0.154222 -0.0467868 0.00122213  0.00184692  0.00243615 -0.00324512   0.0115513 -0.00717605  0.00256092   0.00011576  4.55045e-05 -1.23051e-05 -0.000466564  0.000895167  8.91149e-05 1 0 0
             9.59964  -0.146495 -0.0412097 0.00412239 -6.1172e-05  0.00347328 -0.00363943  -0.00286105   0.00143205 -0.000712622  0.000115901  4.57694e-05 -1.23896e-05 -0.000396154  0.000864488  0.000106594 1 0 0
             9.69949  -0.140423 -0.0469068 0.00334757 0.000870228  0.00477252 -0.00313219  0.0017572 0.00708918 0.00175616  0.000116992   4.7227e-05 -1.22924e-05 -0.000426823  0.000844893  9.24396e-05 1 0 0
             9.79958  -0.137946 -0.0409042 -5.747e-05 0.000463393  0.00365092 -0.00205882 -0.00087605  0.00262608  0.00462047  0.000117186  4.72097e-05 -1.17723e-05 -0.000415796  0.000881125  7.45812e-05 1 0 0
             9.89817    -0.151924   -0.0335684 -0.000917384 -0.00239326  0.00572667 0.000421756 -0.0132157  0.0109475  0.0122901  0.000122364  4.93139e-05 -1.11013e-05 -0.000358545  0.000850004  3.92646e-05 1 0 0
             9.99678  -0.125147 -0.0401377  0.0103508 -0.00044698  0.00660346  -0.0012766 -0.000415043     0.010905   0.00244409  0.000118228  4.85991e-05 -1.29114e-05 -0.000426457  0.000855005  9.16959e-05 1 0 0
             10.0954  -0.138996 -0.0426391 0.00805772 -0.000396977   0.00509649  -0.00210943 -0.00135195  0.00330047 -0.00151478  0.000119261  4.96313e-05 -1.27022e-05 -0.000429319   0.00090246  0.000112568 1 0 0
             10.1995   -0.145616  -0.0409134 -0.00245331  9.25486e-06    0.0051667 -0.000350902 0.00134323 0.00356264 0.00663604 0.000121264 4.99017e-05 -1.0962e-05 -0.000445916  0.000909929  7.50839e-05 1 0 0
             10.2997  -0.123571 -0.0480789 0.00881838  0.00203752 0.000215488 0.000796631 0.00931934 -0.0139504 0.00883269  0.000118391  5.13961e-05 -1.30601e-05 -0.000493715    0.0010104  6.25905e-05 1 0 0
             10.3988   -0.136323  -0.0369149 -0.00512722  0.00105741  0.00401859 -0.00108286 -0.000485086   0.00621493  -0.00191462  0.000124319  5.23184e-05 -1.06692e-05 -0.000442999  0.000914267  0.000122956 1 0 0
             10.4979   -0.150752  -0.0477399 0.000170375  0.00114589  0.00050298 -0.00380736 -0.000882998  -0.00691574   -0.0112685  0.000124899  5.47276e-05 -1.18072e-05 -0.00044496 0.000994673 0.000175159 1 0 0
             10.5997  -0.125116 -0.0387234 0.00233455 -0.00171288   0.0035343 -0.00274357  -0.0137025  0.00774614 -0.00410657  0.000123862  5.57159e-05 -1.24536e-05 -0.000385862  0.000926343  0.000133123 1 0 0
             10.6995  -0.142987 -0.0479607 0.00929336 -0.000895287   0.00244506  -0.00402044 -0.00544223  0.00243472 -0.00664764  0.000126382  5.58581e-05 -1.40588e-05 -0.000437674  0.000964348  0.000147425 1 0 0
             10.8002  -0.124455 -0.0487443  0.0110414 -0.000837538   0.00720954  -0.00340004  -0.0032172   0.0196782 -0.00204576  0.000128488  5.63995e-05 -1.42107e-05 -0.000453663  0.000882156  0.000119948 1 0 0
                10.9   -0.162425  -0.0383273 -0.00344299 -7.86867e-05   0.00262407  -0.00158367  0.00196104 -0.00251717  0.00611549  0.000132357  5.43655e-05 -1.21357e-05 -0.000484407   0.00100727  7.73253e-05 1 0 0
             10.9998  -0.145827 -0.0418955 0.00601769 -0.000587748   0.00434252 -0.000766109 -0.00165472  0.00601237  0.00681451  0.000131426   5.5439e-05 -1.29338e-05 -0.000468161  0.000971254  7.50219e-05 1 0 0
             11.0993  -0.149778 -0.0267684 0.00406043 -0.00211624  0.00481092  0.00076956 -0.00756458  0.00759103   0.0100987  0.000133426  5.42206e-05 -1.24039e-05 -0.000436777  0.000976284  6.03684e-05 1 0 0
             11.1979    -0.145084    -0.049974 -0.000145393 -0.000548024   0.00840288  -0.00262205 1.60169e-05   0.0198737  -0.0056536  0.000135543  5.74621e-05 -1.17625e-05 -0.000486736  0.000923981  0.000149858 1 0 0
             11.2966  -0.139739 -0.0412311 0.00664351 -0.00161613   0.0070394 -0.00261506 -0.00528187   0.0102594  -0.0039907  0.000134589  5.72701e-05 -1.32712e-05 -0.000464313  0.000989733  0.000139345 1 0 0
             11.4001  -0.140269 -0.0360481 0.00127177 -0.000882882   0.00478527  -0.00319194 -0.000384965 -8.84681e-05  -0.00370372  0.000134352  5.61729e-05 -1.25007e-05 -0.000497075   0.00105486   0.00014044 1 0 0
             11.4999   -0.146386  -0.0494968 -0.00385824  0.00139439  0.00293019 -0.00373448  0.00859225 -0.00495705 -0.00318444  0.000136873  5.71263e-05 -1.20838e-05 -0.000551828    0.0010921  0.000142297 1 0 0
             11.5998  -0.121957 -0.0366374  0.0128456 0.000317623  0.00328311 -0.00121288  0.000644951 -0.000247949   0.00687148  0.000134516   5.7016e-05 -1.49086e-05 -0.00051061  0.00107707 8.66556e-05 1 0 0
              11.699  -0.146278 -0.0432051 0.00935647  -0.00121771     0.001749 -0.000867818 -0.00695384 -0.00315486  0.00503975  0.000138076  5.94921e-05 -1.38532e-05 -0.000472839   0.00110854  9.58039e-05 1 0 0
             11.7981  -0.143646 -0.0452159 0.00280321  3.5319e-05  0.00325534 -0.00037343 0.00100427  0.0051516 0.00573324  0.000139923  5.90777e-05 -1.28476e-05 -0.000520624   0.00107485  9.24796e-05 1 0 0
             11.8997  -0.152402   -0.04497 0.00607482 -0.000224356   0.00565393  -0.00369372 -0.00307443   0.0137291 -0.00851007  0.000143591  5.99365e-05 -1.27525e-05 -0.000506176    0.0010393  0.000177972 1 0 0
             11.9995  -0.129904 -0.0405757 0.00533526 -0.000779449   0.00804469  -0.00313735 -0.00517235   0.0199364  -0.0031749   0.00014213   5.9962e-05 -1.25831e-05 -0.000503755   0.00102002  0.000147568 1 0 0
             12.1002  -0.130056 -0.0485606 0.00814036  0.00123059  0.00347554 -0.00374608  0.00544463 -0.00258349   -0.003953  0.000142695  6.13798e-05 -1.26202e-05 -0.000569985   0.00115289  0.000148836 1 0 0
                12.2  -0.141694 -0.0352133 0.00488745 -0.00140506  0.00401386 -0.00234153 -0.00889929  0.00214953  0.00195763 0.000145353 6.04383e-05 -1.1823e-05 -0.00049543  0.00113866 0.000115061 1 0 0
             12.2999  -0.133041 -0.0403756  0.0164804 -0.00225446  0.00519891 -0.00106151 -0.00892372  0.00836744  0.00648932  0.000144978  6.18477e-05 -1.36242e-05 -0.000499084   0.00112135  9.15094e-05 1 0 0
             12.3991   -0.149283  -0.0351781 -0.00467622 1.82443e-05  0.00576568 -0.00128509 0.00396012 0.00845525 0.00445232 0.000147858 6.11588e-05 -1.1182e-05 -0.000577086   0.00112839  0.000105408 1 0 0
             12.4977  -0.169111 -0.0499666 0.00168545  0.000881728   0.00530026 -0.000971434 0.00567586 0.00625121 0.00534541  0.000148267  6.22404e-05 -1.23671e-05 -0.000590249   0.00115831  0.000108511 1 0 0
             12.5963  -0.193708 -0.0520876 -0.0100489 -0.000347894   0.00546446  -0.00262431 -0.00317907  0.00414009 -0.00332286  0.000149592  6.21605e-05 -1.08255e-05 -0.000541709   0.00116828  0.000160852 1 0 0
              12.695  -0.227157 -0.0717415 -0.0107077 -0.00152546  0.00425266 -0.00297079  -0.00744241 -0.000142989  -0.00361675   0.00015373  6.52749e-05 -1.06794e-05 -0.000523833   0.00120563  0.000163043 1 0 0
             12.7995  -0.233199 -0.0887977 -0.0190133  0.00104293  0.00354782 -0.00334003  0.00386614  0.00237194 -0.00282765  0.000150906  6.49647e-05 -1.26056e-05 -0.000608973   0.00122487  0.000157634 1 0 0
             12.9002  -0.254835 -0.0659472 -0.0219583 -0.000600713  -0.00116858 -0.000759183 -0.00333865   -0.014211  0.00705194  0.000154548  6.36056e-05 -1.04026e-05 -0.000558783   0.00131475  9.87971e-05 1 0 0
             12.9993   -0.274014  -0.0822257 -0.00683451 -0.000913437  -0.00105026 -0.000188792 -0.00446092 -0.00786145  0.00640505  0.000154988  6.47647e-05 -1.32914e-05 -0.00056029  0.00128515 0.000100603 1 0 0
             13.0984  -0.296937  -0.090459 -0.0127613 -0.000227744  -0.00337069  -0.00233937 -0.000327003   -0.0130709  -0.00363523  0.000158525  6.68433e-05 -1.28504e-05 -0.000584917   0.00131789   0.00016103 1 0 0
             13.1997  -0.285145 -0.0643372 -0.0181198 -0.00169325  0.00133769 -0.00328992 -0.00803709   0.0100194 -0.00632321  0.000160936  6.49405e-05 -1.38768e-05 -0.000549101   0.00120029  0.000175499 1 0 0
             13.2996 -0.405484 -0.139361 -0.016598 -0.000121392   0.00413037  -0.00270179   0.0023395   0.0160415 -0.00131407  0.000164498  6.57929e-05 -1.22571e-05 -0.000615589   0.00117732  0.000146243 1 0 0
             13.3998   -0.26025 -0.0815111  0.0021955  -0.00260666   0.00723612 -0.000882751 -0.0111936  0.0230938 0.00631059  0.000163606  6.90527e-05 -1.43311e-05 -0.000550426   0.00114339  0.000108735 1 0 0
             13.4997  -0.214926 -0.0655639  0.0113307 -0.000460075   0.00773793 -0.000822927 0.000341512   0.0236093  0.00614056  0.000166412  6.73812e-05 -1.24584e-05 -0.000628256   0.00118274  0.000116516 1 0 0
             13.5995   -0.231778  -0.0771232 -0.00143998  0.00162745  0.00626626 -0.00126186 0.00847169  0.0119055 0.00298699   0.00016965  6.97211e-05 -1.05972e-05 -0.000675762   0.00125472  0.000135804 1 0 0
             13.6988   -0.22614 -0.0330126 -0.0101491 0.000139983  0.00874883 -0.00316439  0.00448778  0.00898361 -0.00614121  0.000168617  7.29434e-05 -1.38128e-05 -0.000606109   0.00122457  0.000189423 1 0 0
             13.7974 -0.195318 0.0815835  -0.44924  0.00203179  0.00564304 -0.00318329  0.00937755 -0.00639732   0.0330913  0.000168878  7.26868e-05 -1.06207e-05 -0.000635819   0.00131163  0.000193948 1 0 0
             13.8961  -2.43025 -0.346228  -1.73364 0.000332735  -0.0007685   0.0122795 0.00989705 -0.0384463   0.261656  0.000164263    7.059e-05 -9.94228e-06 -0.000550748   0.00141322  0.000175849 1 0 0
             13.9997 -3.91702 -1.05997 -4.50277  0.00583994 -0.00611314   0.0554765 0.00768489 -0.0855664   0.510593  0.00020517 7.61422e-05 4.86749e-06 -0.000680795    0.0013685  6.12926e-05 1 0 0
             14.0995  -5.39945 -0.879274  -7.27521  0.00597022 -0.00694004    0.125338 -0.0123568 -0.0386797   0.856888 0.000201274 7.26774e-05  3.3616e-05 -0.000713513   0.00125089 -8.34802e-06 1 0 0
             14.2001 -6.20945 0.617001 -8.42452 0.00507818  -0.018205   0.226292  0.0442848 -0.0367249    1.11954 0.000210635 4.81791e-05 1.46863e-05 -0.000649442   0.00142587 -1.24971e-05 1 0 0
                14.3 -7.21114  1.66139 -9.07028  0.0176708 -0.0285887   0.344639  0.162413 -0.104305    1.2387   0.00020254  2.82521e-05 -9.19211e-06 -0.000721623   0.00151767 -8.15167e-06 1 0 0
             14.3999 -7.49274  2.98341  -8.8365  0.0371118 -0.0455195   0.472126  0.227455 -0.182395   1.27225  0.000200338  3.60939e-05 -2.31332e-05 -0.000727666   0.00158816 -3.51247e-05 1 0 0
             14.4997 -8.10212  5.53465  -9.2984  0.0615062 -0.0709706   0.592913  0.250268 -0.246403    1.1868  0.000197863  3.23835e-05 -3.97752e-05 -0.000747511   0.00166804  6.11331e-05 1 0 0
             14.5995  -7.5322  9.38719 -9.93366 0.0817982 -0.103585  0.706584  0.214732 -0.271881   1.04306  0.000202236  1.37139e-05 -3.87796e-05 -0.000670331   0.00185989  9.89546e-06 1 0 0
             14.7002 -6.52633  12.4542 -9.99035  0.108526 -0.127642  0.802314  0.219033 -0.223056  0.914297  0.000188921 -1.24914e-06 -5.45192e-05 -0.000822249   0.00181365  5.18244e-05 1 0 0
                14.8 -5.90715  14.4708 -9.80272  0.125693 -0.135223   0.89193  0.157869 -0.151581   0.83259  0.000195711  4.49655e-06 -6.83151e-05 -0.000683406   0.00154416 -5.20157e-05 1 0 0
             14.8998 -4.73459  16.4483 -8.60053  0.128692 -0.155641  0.969916 0.0645694 -0.163757  0.745211  0.000205433  1.85307e-05 -7.71667e-05 -0.000447727   0.00170742  4.05869e-05 1 0 0
             14.9995 -2.93034  17.2845 -7.47564  0.143493 -0.176347   1.03487  0.101105 -0.161463  0.680074  0.000189645  2.81605e-05 -9.90499e-05 -0.000728129    0.0017702  0.000173949 1 0 0
             15.0982 -1.50342  17.3628 -6.75023  0.153616 -0.197323   1.09636  0.143044 -0.167674  0.593053  0.000180895  4.87831e-05 -0.000101472 -0.000724763   0.00190366   0.00025526 1 0 0
             15.2001 -0.245578   17.9123    -6.592  0.170411 -0.211564   1.15025  0.227579 -0.132171  0.490431  0.000192007   6.3476e-05 -9.85433e-05 -0.000656633   0.00187127  0.000319242 1 0 0
                15.3 0.857501  16.8286 -5.73694  0.197803 -0.216885   1.20199  0.281894 -0.108812   0.46766 0.000187134 5.19263e-05 -8.7622e-05 -0.000639696   0.00169308  0.000162612 1 0 0
             15.3999  2.27032  13.7566 -5.84085  0.232214 -0.225268   1.24617   0.392403 -0.0729497   0.411167  0.000193001  8.11082e-05 -0.000100272 -0.000687432   0.00165133  0.000131848 1 0 0
             15.4997  1.54586  12.7047 -5.21396   0.27249 -0.232327   1.27636   0.485765 -0.0546907   0.340168  0.000194643  0.000107757 -6.70489e-05 -0.000628533   0.00170425  0.000414353 1 0 0
             15.5995 0.473623  13.3543 -4.54199  0.323962 -0.232077   1.30908    0.558982 -0.00513282    0.334885  0.000224622  8.51761e-05 -7.24391e-05 -0.000593074   0.00161207   0.00045473 1 0 0
             15.6998 -0.162874   14.2656  -4.87914  0.384862 -0.232949   1.34531   0.576826 0.00189971   0.371784  0.000217711  7.06208e-05 -7.89059e-05 -0.000696084   0.00162283  0.000374102 1 0 0
             15.7996 -1.29237  13.2365 -7.02732  0.441622 -0.231058   1.38917    0.564589 -0.00355941    0.419029  0.000230942   6.5407e-05 -6.09863e-05 -0.000662025   0.00157109  0.000244741 1 0 0
             15.8995  -1.6117  10.8067 -8.12733  0.495634 -0.236833   1.43352   0.566396 -0.0394401   0.382625  0.000235733  8.20198e-05 -3.87288e-05 -0.000559871   0.00168074  0.000122948 1 0 0
             16.0001 -1.05699  8.89539 -7.40342  0.555001 -0.249454   1.46469   0.588718 -0.0734716   0.307531  0.000224299  9.31707e-05 -4.64752e-05 -0.000664479   0.00187141  0.000220968 1 0 0
             16.0999 0.295195  7.46682 -7.29442  0.618796 -0.260422   1.48565   0.659802 -0.0762619   0.214272  0.000215804  9.24663e-05 -5.85922e-05 -0.000773682   0.00194486  0.000389869 1 0 0
             16.1998 0.817649  6.16858 -8.35054  0.689236 -0.275076   1.50127 0.734769 -0.08436 0.138112  0.000202422   8.9532e-05 -4.14956e-05 -0.000844766   0.00212882  0.000451161 1 0 0
             16.2997 0.659665  4.76524 -8.57273  0.768021 -0.282808   1.51241   0.816619 -0.0692357   0.114911  0.000215645  8.90858e-05 -2.42358e-05 -0.000891108   0.00213495  0.000472463 1 0 0
             16.3995 0.840373  3.36555 -8.00774 0.847677 -0.28002   1.5278   0.837193 -0.0332203   0.161181  0.000228623  9.22519e-05 -2.82213e-05 -0.000748762   0.00192184  0.000428169 1 0 0
             16.4998 0.352501  2.05772 -6.49763   0.93142 -0.271129   1.55063  0.843138 0.0469863  0.185173  0.000242009  9.72309e-05 -2.50502e-05 -0.000663116   0.00169932  0.000302378 1 0 0
             16.5996 -0.62843  2.58539 -6.19706   1.01704 -0.276665   1.56764   0.853229 0.00803373   0.154687  0.000240563  9.77026e-05 -3.55013e-05 -0.000754876    0.0019368  0.000261193 1 0 0
             16.6999 -0.683143   2.23935  -6.84509  1.10819 -0.27834  1.58351  0.916852 0.0279837  0.147221  0.000234892  7.57474e-05 -2.51663e-05 -0.000859763   0.00201236  0.000246158 1 0 0
             16.7997 -1.4294 1.33209 -7.0287   1.20524 -0.284578    1.5902     1.0067 0.00670692  0.0460249  0.000220548  8.94722e-05 -1.41194e-05 -0.000939087   0.00224422  0.000357167 1 0 0
             16.8995 -1.62633 0.710635 -8.07527   1.30238 -0.280193   1.59522    1.03855  0.0132981 0.00342251   0.00023598  9.98619e-05 -1.78234e-05 -0.000723727   0.00217023  0.000252981 1 0 0
             17.0001 -1.75046  0.80979 -9.36965    1.4092 -0.281238   1.59052    1.07623 -0.0227601  0.0239741  0.000231641  9.65722e-05 -3.71026e-06 -0.000742456    0.0021976  0.000438776 1 0 0
                17.1 -2.04125  2.02152 -10.3775   1.52174 -0.278388   1.59921    1.14938 -0.0598754  0.0924514 0.000243899 8.03409e-05 1.57668e-06 -0.000770223   0.00198705  0.000350488 1 0 0
             17.1998 -2.06349  4.52281  -10.123    1.6389 -0.286705   1.61306   1.20234 -0.110738  0.106849  0.000244173  6.17361e-05 -8.98926e-06 -0.000749971   0.00197483  0.000242458 1 0 0
             17.2997 -1.55523  5.45902 -10.3082   1.76296 -0.306073    1.6145     1.21607   -0.173143 -0.00222403  0.000244551  4.51769e-05 -2.77622e-05 -0.000881309   0.00211294  0.000382973 1 0 0
             17.3996 0.00816154    3.24701   -9.94606   1.88326 -0.328081   1.60856     1.1981   -0.18177 -0.0239942 0.000233416 7.02028e-05 -2.7882e-05 -0.000901196     0.002207  0.000502668 1 0 0
             17.4998 -0.148423   1.48841  -8.28799    1.9947 -0.345203   1.60814    1.1474 -0.141548 0.0461439  0.000219408  0.000115176 -3.35469e-05 -0.00068253  0.00228229 0.000564508 1 0 0
             17.5996 -0.387089   1.16186  -7.37006   2.10977 -0.369752   1.62442   1.16188 -0.183377  0.155139  0.000233878  0.000111525 -4.60558e-05 -0.000700316    0.0025161  0.000384767 1 0 0
             17.6995  0.22934  1.89501 -6.36503   2.22736 -0.387168   1.63785   1.16353 -0.123642  0.115665  0.00022919 9.84932e-05 -3.4845e-05 -0.000782007   0.00256908  0.000387473 1 0 0
             17.8001 0.0505497   1.86309  -5.69411   2.34614 -0.390411   1.64816    1.19178 -0.0335204  0.0262645  0.000224987  8.69995e-05 -3.71432e-05 -0.000777049   0.00243985  0.000302718 1 0 0
                17.9 -0.578467   1.01721  -5.61197   2.47085 -0.390533   1.64026    1.22611 -0.0375102  -0.102966  0.000239872  0.000103043 -3.48006e-05 -0.000915719   0.00234778  0.000414566 1 0 0
             17.9998  0.375534 -0.468231  -6.92952   2.58768 -0.397733   1.62895    1.20992 -0.0758687 -0.0854316  0.000239376  0.000114106 -2.95058e-05 -0.000748022   0.00239731  0.000423301 1 0 0
             18.0996   0.39996 -0.701302   -8.4717   2.71169 -0.403349   1.62855    1.26957 -0.0728039   0.061497  0.000213098  0.000122827 -2.55079e-06 -0.000741369   0.00233377  0.000413558 1 0 0
             18.1995 -1.51153  1.21793 -8.56422 2.84252  -0.407 1.63615   1.30266 -0.102836   0.10291 0.000246049 9.97212e-05 1.04108e-05 -0.000797065   0.00216145  0.000482893 1 0 0
             18.3002 -2.05558  1.51978  -8.8659   2.97399 -0.421503   1.64053    1.32256  -0.158837 -0.0278608   0.00026917  7.39596e-05 -2.00028e-05 -0.000768938   0.00219988  0.000497703 1 0 0
                18.4 -1.89339 0.822796 -9.51344   3.10843 -0.449157   1.64111    1.35969  -0.239987 -0.0847947  0.000251876  9.12145e-05 -1.53794e-05 -0.000838457   0.00244149  0.000206326 1 0 0
             18.4998 -0.774805  0.344907  -8.41339   3.24641 -0.474802   1.62652    1.40745  -0.230536 -0.0129856   0.00024648  0.000102183 -1.20802e-05 -0.000866115    0.0024934  0.000490002 1 0 0
             18.5997 -0.752223   1.65543  -6.19219   3.38495 -0.500454   1.63009    1.4048 -0.181754 0.0992607  0.000233311  0.000102844 -3.09964e-05 -0.000755921    0.0026412   0.00060941 1 0 0
             18.6995 -1.33572  3.91876 -5.39127   3.52534 -0.515964   1.64315   1.36457  -0.12717 0.0868008  0.000258075  8.53278e-05 -4.13747e-05 -0.000845124    0.0026486  0.000489071 1 0 0
             18.7998 -1.05597  2.78464 -5.80917   3.66115 -0.538158   1.65085    1.37356  -0.129532 -0.0149483 0.000248601 7.93682e-05  -4.259e-05 -0.00086499   0.0029367 0.000357189 1 0 0
             18.8996 -1.51471  2.51687  -6.2142   3.80261 -0.548256   1.64178    1.41347 -0.0975891 -0.0998555  0.000244784  0.000129499 -2.16367e-05 -0.000935112   0.00291024  0.000437156 1 0 0
             18.9995 -1.43909   2.6055  -6.4485   3.93599 -0.541025   1.63431    1.36063 -0.0495689 0.00162922  0.000253571    0.0001105 -2.37669e-05 -0.000679575    0.0024587  0.000474543 1 0 0
             19.1001 -1.63201  3.45517 -7.14757   4.07832 -0.553643   1.63547   1.37727 -0.128234 0.0845861  0.000257354  0.000116618 -2.41358e-05 -0.000868646   0.00256745  0.000606241 1 0 0
             19.1999 -1.91244   5.0203 -7.48512   4.21388 -0.573366   1.65515   1.35967 -0.218775 0.0931274  0.000264349  9.15355e-05 -1.27419e-05 -0.000834415   0.00265962  0.000259268 1 0 0
             19.2998 -1.21459  5.00539 -8.24233  4.34612 -0.60383  1.65533    1.3302 -0.272869  -0.04209 0.000262277 9.02639e-05 -2.8849e-05 -0.00077386  0.00284269 0.000359406 1 0 0
             19.3997 -0.209593   3.78191  -8.28684   4.47362 -0.630924   1.64312     1.3119  -0.238774 -0.0657561  0.000254685  0.000112824 -2.54243e-05 -0.00061858  0.00288979 0.000575998 1 0 0
             19.4995 0.00278146    3.70424   -6.44093   4.61395 -0.653216   1.64187   1.40878 -0.216541 0.0862466  0.000257342  0.000121215 -3.19103e-05 -0.000817162   0.00287317  0.000628934 1 0 0
             19.6001 0.0690031   5.32195  -5.43623   4.75837 -0.677546   1.65424     1.393 -0.176565  0.120629  0.000263494  0.000108512 -5.38182e-05 -0.000922495   0.00298584  0.000579336 1 0 0
                19.7 0.0942793   4.86948  -5.36765  4.89721 -0.68925  1.66712    1.37719 -0.0951856   0.108896  0.000264081  9.20256e-05 -4.67525e-05 -0.000968583   0.00292085  0.000552739 1 0 0
             19.7998 -0.985585   3.64318  -5.95895  5.03251 -0.69327   1.6764    1.40335 -0.0243427  0.0194306  0.000272989  0.000135677 -3.84322e-05 -0.000798227    0.0028695  0.000492568 1 0 0
             19.8997 -2.56853  2.96174  -7.9752  5.16821 -0.70107  1.67732     1.39596  -0.0699731 -0.00764089  0.000277544  0.000139504 -2.68092e-05 -0.000695144   0.00303438   0.00042458 1 0 0
             19.9995 -1.11437   4.2381 -7.90527   5.31505 -0.713175   1.67218   1.43568 -0.138471  0.107049  0.000280947  0.000130786 -7.66295e-06 -0.000914329   0.00305007  0.000770602 1 0 0
             20.1002 -0.307678   5.34733  -8.88697   5.46666 -0.730033   1.69453   1.47867 -0.206113  0.185988  0.000244079  9.55394e-05 -4.25418e-05 -0.00108662  0.00298578 0.000515125 1 0 0
                20.2 -0.244578   5.77709  -8.68938   5.60572 -0.749031   1.72582   1.41341 -0.190477  0.163303  0.000251571    9.735e-05 -2.43514e-05 -0.000845291   0.00299663  5.55163e-05 1 0 0
             20.2999 0.361673  4.59169 -7.37607   5.73979 -0.769172   1.72981    1.37475  -0.195601 0.00148459   0.00026028  0.000114079 -4.86038e-05 -0.000674877   0.00304893  0.000212064 1 0 0
             20.3998 0.949116  3.42157 -5.19519    5.8719 -0.793468   1.72785   1.33737  -0.17839 0.0517852  0.000258592  0.000135463 -5.98304e-05 -0.000597961   0.00323925  0.000322334 1 0 0
             20.4996  1.11871  3.78818 -3.33873   6.01602 -0.813182   1.73192   1.42305 -0.158242  0.114344  0.000252583  0.000137465 -6.61349e-05 -0.000841595   0.00327657  0.000521188 1 0 0
             20.5994 0.664105  6.48238 -1.35848   6.16329 -0.831389   1.74421   1.43918 -0.125275  0.126895  0.000262878  0.000120832 -5.86923e-05 -0.00103815  0.00339937 0.000484694 1 0 0
             20.7001  0.0890964    6.52792 -0.0553756  6.30838 -0.85362  1.75428   1.42809 -0.126169 0.0568642  0.000259501  9.86738e-05 -7.78324e-05 -0.00111028  0.00372415 0.000480798 1 0 0
             20.7999 -0.465857   5.45285 0.0233336   6.44606 -0.847502   1.75601    1.38535 -0.0671321  0.0294179  0.000272047  0.000150637 -7.72829e-05 -0.000980061   0.00323329  0.000531811 1 0 0
             20.8998 -1.76297  3.75691 -1.88458   6.57454 -0.842553   1.76431    1.33079 -0.0359944   0.144928 0.000274548 0.000172848 -5.8838e-05 -0.000698824   0.00291154  0.000575988 1 0 0
             20.9996  -2.9113  3.60536 -3.88627   6.71072 -0.854563    1.7811    1.35924 -0.0936649   0.154473  0.000289611  0.000177504 -2.10555e-05 -0.00079195  0.00311321 0.000539709 1 0 0
             21.0995 -2.36042  5.51081 -3.01999   6.85435 -0.880468   1.79413   1.41027 -0.171455 0.0733576  0.000275354   0.00014066 -2.63382e-05 -0.000975903   0.00349233  0.000499926 1 0 0
             21.2001 -1.92158  5.73177 -2.55131   7.00242 -0.906269   1.79212     1.4103  -0.207602 -0.0740566 0.000269674 0.000122848 -7.0237e-05 -0.0012371  0.0037016 0.00051455 1 0 0
                21.3 -1.39097  2.85548 -3.15256   7.14207 -0.924875   1.77888   1.40406  -0.12949 -0.121246  0.000275751  0.000154116 -5.96816e-05 -0.00123895  0.00372916 0.000615228 1 0 0
             21.3999 -2.20868  3.60962 -1.76921   7.27484 -0.923517   1.77165     1.39134 -0.00798827  -0.0304918  0.000273279  0.000203333 -3.87231e-05 -0.000898462   0.00347507  0.000644518 1 0 0
             21.4997 -3.43602  6.00738 0.193993   7.41095 -0.904933    1.7747   1.34973   0.10827 0.0136938  0.000304548  0.000142853 -6.55421e-05 -0.000841896    0.0030588  0.000513945 1 0 0
             21.5995 -3.30884  5.93711  1.61431   7.54758 -0.908017   1.77433    1.32895  0.0825417 -0.0514864  0.000299645  0.000140021 -8.17955e-05 -0.000977304   0.00346542  0.000474184 1 0 0
             21.6998 -2.92632  4.47228  2.42389   7.67865 -0.892973   1.76931    1.30902    0.11883 -0.0802767  0.000284915  0.000175517 -8.51588e-05 -0.000934791   0.00331663  0.000382369 1 0 0
             21.7996 -3.16822  3.18281  1.16039   7.81083 -0.884456   1.76325   1.29646  0.106649 0.0251419  0.000281001  0.000193939 -7.12676e-05 -0.00103426  0.00340515 0.000450167 1 0 0
             21.8995 -3.53355  2.79169 -1.07423   7.94618 -0.888774   1.77078   1.3475 0.035571 0.180524  0.000294337  0.000193955 -4.09682e-05 -0.00117393  0.00378693 0.000589201 1 0 0
             22.0001 -4.48376  3.82274  -1.2684   8.07929 -0.881333   1.78949    1.3598 0.0345066  0.151379  0.000294691  0.000168428 -1.74617e-05 -0.00104081  0.00367414 0.000619038 1 0 0
             22.0999 -4.60862  3.89569 -1.68386    8.2179 -0.872535   1.80059   1.36112 0.0246542 0.0128829  0.000311074  0.000150315 -5.65363e-05 -0.00115241  0.00347548 0.000466784 1 0 0
             22.1998  -2.7997  1.72972 -1.60228   8.35545 -0.861516   1.80191   1.37947 0.0936296 0.0154672  0.000303921  0.000167718 -4.67295e-05 -0.00119172  0.00327044 0.000395595 1 0 0
             22.2997 -2.32499   1.8749 0.498708   8.49241 -0.861607   1.80989  1.38067 0.101485 0.168699  0.000261149  0.000186585 -4.85679e-05 -0.00115572  0.00361644  0.00042581 1 0 0
             22.3995 -2.19654  3.02637  2.63778   8.62882 -0.860969   1.83336  1.32057 0.135597  0.26743  0.000285292  0.000157074 -7.50913e-05 -0.00118526   0.0039758 0.000422134 1 0 0
             22.5001 -2.68536  3.13387  3.23093   8.75825 -0.848761   1.85761   1.2481 0.180594 0.232614  0.000306467  0.000156933 -7.67072e-05 -0.00120148  0.00411886 0.000501367 1 0 0
                22.6 -2.74335 0.922775  3.67909   8.88471 -0.830339   1.87268  1.25129 0.184217 0.127538  0.000308379  0.000177215 -6.42923e-05 -0.00130793  0.00412045 0.000602442 1 0 0
             22.6998  -1.82415 -0.463046   3.16591   9.01077 -0.814648   1.88533  1.25791 0.154202 0.171591  0.000304819  0.000210326 -5.77416e-05 -0.00133176  0.00416711 0.000610878 1 0 0
             22.7997 -0.444603 -0.538091   1.26189  9.13705 -0.78909  1.91081  1.24942 0.167119 0.288953    0.0002998  0.000195433 -3.49814e-05 -0.00139488  0.00385545  0.00051389 1 0 0
             22.8995 -0.394009 -0.469962 -0.108698   9.25907 -0.771379   1.94234   1.2158 0.144195   0.2857  0.000295182   0.00017357 -7.21515e-06 -0.00136767  0.00378023 0.000440941 1 0 0
             23.0002  -1.32695 0.0436377 -0.136721   9.38069 -0.756807   1.96553  1.20097 0.123865 0.172086  0.000319908  0.000165149 -1.53419e-05 -0.00134538  0.00375212 0.000461408 1 0 0
                23.1 -0.798874  -1.04777  0.415371   9.49814 -0.754791   1.97656   1.14336 0.0501917 0.0596245 0.000331014  0.00015676 -3.0928e-05 -0.00134691   0.0039638 0.000445294 1 0 0
             23.1998 0.419204 -3.57562  1.76129  9.60717 -0.74959  1.97965   1.08005  0.053016 0.0767469  0.000307005  0.000180611 -3.93174e-05 -0.00128023  0.00395288 0.000539339 1 0 0
             23.2997 -0.0214641    -5.0032    2.56155   9.71511 -0.738866   1.98971   1.10924 0.0700654  0.167923  0.000306818  0.000198872 -3.70413e-05  -0.0012542  0.00380684 0.000633939 1 0 0
             23.3996 -0.0129009   -4.10431    2.93991   9.83267 -0.738184   2.00376   1.12318 0.0718929  0.155082  0.000324821  0.000184691 -1.84839e-05  -0.0014772  0.00401689 0.000720647 1 0 0
             23.4998 0.621773 -3.84854  3.57545   9.94857 -0.728418    2.0209  1.09021 0.138105 0.122525  0.000313615  0.000154704 -1.99329e-05 -0.00169583  0.00404407 0.000635184 1 0 0
             23.5997 0.460195 -4.85646  3.75283   10.0506 -0.718044    2.0285   1.01436  0.141355 0.0302536  0.000312325   0.00016763 -2.26545e-05  -0.0015629  0.00417951 0.000612312 1 0 0
             23.6995 0.313665 -6.76714  2.83648   10.1489 -0.710546   2.02912   0.969307   0.133928 0.00877059  0.000326083  0.000197482 -1.55814e-05 -0.00152505  0.00438137  0.00064727 1 0 0
             23.8002 0.670242 -7.37297  1.89742   10.2405 -0.706013   2.03902  0.958488 0.0808869 0.0910844 0.000318919 0.000198399 9.78383e-06 -0.00133197  0.00460448 0.000419955 1 0 0
                23.9 0.258107 -5.99189  1.82284   10.3417 -0.689989   2.04734   1.00221 0.0677882  0.118412 0.000335633 0.000177495 1.61139e-05  -0.0014609  0.00430831 0.000532822 1 0 0
             23.9998 -0.411545  -4.26051   2.68735    10.443 -0.685801   2.06007  0.995855 0.0178189  0.104105  0.000332046  0.000135653 -2.84504e-06  -0.0015094  0.00429456 0.000510336 1 0 0
             24.0997 -0.052214  -4.93221   2.52053   10.5448 -0.680395   2.06341   0.957393 -0.0050119 -0.0230344  0.000344765  0.000138682 -2.65188e-05 -0.00169304  0.00413079 0.000574121 1 0 0
             24.1995  1.01472 -6.88462  3.06396   10.6368 -0.676683   2.05242   0.933218 0.00221406 -0.0809505  0.000344151  0.000181986 -1.45307e-05  -0.0016189   0.0039888 0.000746393 1 0 0
             24.3002  0.91336 -6.92282  4.75731   10.7308 -0.692262   2.04917   0.967846 -0.0775874  0.0519657  0.000324582  0.000193466 -1.97656e-05 -0.00149745  0.00439924  0.00077903 1 0 0
                24.4 0.0358195  -6.69081   5.65752   10.8353 -0.722343   2.06465   1.00087 -0.118456  0.127427   0.00033384  0.000172625 -3.09386e-05 -0.00171919  0.00508629 0.000610888 1 0 0
             24.4999 -0.326307  -5.08131   5.85629   10.9341 -0.727477   2.07302   0.974011 -0.0947768  0.0863189 0.000356614 0.000179356 -1.9376e-05 -0.00171195  0.00490601 0.000677086 1 0 0
             24.5997 -0.161758  -5.65237   6.04678   11.0228 -0.718539     2.087    0.909572 -0.00188275   0.0507628  0.000359912  0.000151585 -2.49406e-05 -0.00160558  0.00442948 0.000413772 1 0 0
             24.6995 -0.430196  -6.52963   5.23839   11.1135 -0.730548   2.08727   0.868455 -0.0635725  0.0112971  0.000343567  0.000193197 -2.30451e-05 -0.00161246  0.00473089  0.00048446 1 0 0
             24.7998 -0.175854  -7.95889   3.07097   11.1959 -0.732181   2.08598   0.818752 -0.0313009  0.0327916  0.000363336  0.000190448 -6.93149e-06 -0.00152608  0.00460297  0.00062674 1 0 0
             24.8996 -0.255803  -7.86123   1.08756   11.2796 -0.732403   2.08623   0.853322 -0.0337589  0.0610352 0.000344741 0.000195885 1.48441e-05 -0.00152419  0.00450013 0.000840024 1 0 0
             24.9995 -0.662103  -6.23708   1.26142   11.3699 -0.716121   2.09341   0.893094 0.00257218  0.0628585 0.000372681 0.000159564 1.98256e-05 -0.00172793  0.00389641 0.000829369 1 0 0
             25.1001 -0.100419  -6.61136   1.40822   11.4647 -0.717627   2.09226   0.888385 -0.0114509 -0.0632933  0.000384663  0.000152881 -1.05301e-05 -0.00195209  0.00392222 0.000929202 1 0 0
                25.2  0.63147 -7.43813  2.36836   11.5518 -0.725353   2.08547    0.845007 -0.00104581   -0.122545  0.000363958  0.000184438 -2.26324e-06 -0.00198434  0.00417263 0.000748995 1 0 0
             25.2999  -0.5898 -7.86445  3.99415   11.6223 -0.747722   2.08215   0.737477  -0.109661 -0.0177676    0.0003676  0.000185415 -1.11152e-05 -0.00162023   0.0047892 0.000508848 1 0 0
             25.3997 -0.818265  -7.76617   5.54712   11.6905 -0.773433   2.08476  0.678649 -0.166689 0.0819035  0.000376621  0.000188647 -3.92923e-05 -0.00143543  0.00519408  0.00059898 1 0 0
             25.4996 -1.25592 -6.03608  6.10183   11.7606 -0.808132   2.09148  0.609867 -0.252129  0.061846  0.000361459  0.000180201 -3.18178e-05 -0.00160822  0.00569664 0.000645781 1 0 0
             25.5998 -1.41548 -5.98445  5.10418  11.8204 -0.82713  2.10473  0.544212 -0.278016 0.0408533  0.000376866   0.00015517 -1.89503e-05 -0.00181001  0.00544673 0.000333163 1 0 0
             25.6996 -0.791047  -6.37157   2.99831   11.8773 -0.846662   2.10198    0.470664   -0.289648 -0.00248784  0.000381629  0.000191093 -1.22263e-05 -0.00211046  0.00515472 0.000493495 1 0 0
             25.7995 0.815161 -7.41166 -0.94032   11.9205 -0.871466       2.1  0.435745 -0.280204 0.0633111  0.000399024  0.000196744 -1.02416e-05 -0.00206647  0.00500622 0.000674757 1 0 0
             25.9001 -0.161685  -5.78453  -3.48192   11.9501 -0.861003   2.10829  0.322295 -0.171121  0.054273 0.000389501 0.000185217 5.14656e-05 -0.00177016  0.00387863  0.00061234 1 0 0
                  26 0.321035 -5.35641 -4.66166   11.9824 -0.882823   2.11053     0.221254    -0.295844 -0.000557286 0.000442766 0.000132156 4.08739e-05 -0.00200964  0.00382478 0.000627017 1 0 0
             26.0998  2.44656 -5.74859 -6.29045    12.004 -0.929711   2.10355  0.170521 -0.421927 -0.034543 0.000392398 0.000142591 3.21512e-05 -0.00206884   0.0041757 0.000818659 1 0 0
             26.1996  2.65637 -5.51109 -9.86977   12.0157 -0.990123     2.104  0.0803386   -0.58908 -0.0417048 0.000350074 0.000145092 4.34189e-05 -0.00207311  0.00449669 0.000654414 1 0 0
             26.2995  2.34778 -5.68495 -13.7015  12.0222 -1.05407    2.104   0.058046  -0.636093 -0.0175028 0.000365285 0.000135366 7.10031e-05 -0.00212627  0.00456437  0.00050901 1 0 0
             26.4001  1.73101 -3.68748 -16.2825   12.021 -1.09699  2.11631 0.0025313 -0.545503 0.0505404 0.000360217 0.000118851 7.12849e-05 -0.00187198  0.00402395 0.000133241 1 0 0
                26.5   2.6744 -2.62861 -18.0821  12.0147 -1.14795   2.1274 -0.0882696  -0.437066   0.069179 0.000342943 5.99109e-05 4.99834e-05  -0.00183234   0.00406561 -7.00182e-05 1 0 0
             26.5998  3.67668 -1.97728 -19.3665  12.0081 -1.19669   2.1241 -0.104786 -0.330807 0.0400087 0.000298322 6.75038e-05 2.86767e-05 -0.00201873  0.00436245 0.000266032 1 0 0
             26.6997  3.86896 -1.68715 -19.8569 11.9973 -1.2455 2.11234  -0.136234  -0.253787 -0.0234024 0.000305649   5.726e-05 3.45868e-05  -0.0022362  0.00497484 0.000751931 1 0 0
             26.7995  4.40717 -1.98844 -18.4926  11.9865 -1.27748  2.09589 -0.134349 -0.123855  -0.09561 0.000317333 6.00662e-05 1.71912e-05 -0.00250048  0.00537637  0.00114532 1 0 0
             26.9001  4.57601  -1.9642 -15.7705  11.9669 -1.27356  2.09399  -0.180976  0.0679753 -0.0690589  0.000301744  6.52134e-05 -9.78961e-06 -0.00227147   0.0052074 0.000888688 1 0 0
                  27  3.89695 -2.46149 -12.6995  11.9416 -1.26753  2.09428  -0.231841   0.183068 -0.0366099 0.000301892 7.67061e-05 -3.5938e-05 -0.00219345   0.0054558 0.000634031 1 0 0
             27.0998  2.50965  -2.6806 -9.31054  11.9164 -1.25299   2.0918  -0.271256   0.267425 -0.0426558  0.000307176  9.97228e-05 -4.54973e-05 -0.00231233    0.005744  0.00055472 1 0 0
             27.1997  1.45924 -2.75183 -6.68467   11.888 -1.23881  2.07971   -0.33823   0.283532 -0.0953373 0.000338412 0.000100026 -4.4396e-05 -0.00253164  0.00621721 0.000720628 1 0 0
             27.2996  1.26177 -2.81046 -4.51925  11.8521 -1.20408  2.06856 -0.397741  0.338034 -0.124072  0.000321427  0.000120352 -4.39053e-05  -0.0025508  0.00609506 0.000744063 1 0 0
             27.3998 0.547225 -2.06869 -2.59634  11.8149 -1.18664  2.05142 -0.395009   0.23763 -0.140184  0.000353358  0.000121434 -2.28281e-05 -0.00275492  0.00650649 0.000855516 1 0 0
             27.4996 -0.00598676    -1.83017   -0.687242   11.767 -1.17119  2.04221  -0.414818   0.114551 -0.0800525  0.000356631  0.000121329 -4.25963e-05 -0.00244432   0.0066193 0.000767047 1 0 0
             27.5995 -0.574293  -1.78088   1.88608  11.7219 -1.16587  2.03613  -0.445305 -0.0447458 -0.0669252  0.000410277  0.000154527 -5.82179e-05 -0.00235045  0.00660104 0.000724139 1 0 0
             27.7001 -0.112497  -2.37328   3.58774  11.6752 -1.16077  2.03531 -0.489857 -0.156534 -0.026467  0.000421167  0.000178223 -7.65796e-05 -0.00237311  0.00607689 0.000559607 1 0 0
                27.8 -0.471772  -4.39716   3.65788  11.6254 -1.18271  2.04001 -0.515107 -0.284362 0.0040808 0.000427375 0.000202864 -7.3135e-05 -0.00242958   0.0060602 0.000347442 1 0 0
             27.8998 -0.406861  -5.69623   4.83161  11.5736 -1.21384  2.03714  -0.529844  -0.308936 -0.0146623  0.000424298  0.000225578 -4.18179e-05 -0.00243823  0.00606334 0.000425179 1 0 0
             27.9996 0.477528 -6.44879  5.60075 11.5259 -1.2499 2.02883 -0.502247 -0.245008 -0.049399  0.000411171  0.000217622 -5.70067e-05 -0.00257678  0.00633154 0.000656578 1 0 0
             28.0995 0.397364 -6.40014  7.26437  11.4808 -1.26483  2.02592  -0.412683 -0.0894213 -0.0227655  0.000383737  0.000207539 -3.73165e-05 -0.00263558  0.00627702 0.000636645 1 0 0
             28.2001 0.235455 -3.43517  9.47374  11.4383 -1.26385  2.02279  -0.415501  0.0294714 -0.0184361  0.000398895  0.000203338 -5.10392e-05 -0.00253448  0.00612694 0.000663155 1 0 0
                28.3 0.333453 -2.46871   11.719  11.3996 -1.25119  2.02174  -0.458916   0.173118 -0.0194017  0.000395167  0.000169712 -7.25101e-05 -0.00277963  0.00604012 0.000667647 1 0 0
             28.3998 -0.179582  -1.85061   14.3511  11.3548 -1.23138  2.03274 -0.494911  0.259622 0.0302678  0.000386212  0.000216607 -8.59561e-05 -0.00297557  0.00613387 0.000204248 1 0 0
             28.4997  -1.1831 -2.05834  16.4074  11.2952 -1.21135  2.03956 -0.584312  0.274974 0.0357443  0.000388988   0.00021827 -0.000103337 -0.00267152  0.00634833 5.73317e-05 1 0 0
             28.5995 -1.12063 -1.69502  17.3591 11.2316  -1.187 2.03883  -0.627985    0.25924 -0.0273783  0.000402686  0.000243567 -0.000102183 -0.00250837  0.00643136 0.000119529 1 0 0
             28.7002 -0.683118 -0.176457   15.9585  11.1709 -1.14889  2.02495 -0.595331  0.245023 -0.056811  0.000386171   0.00023416 -9.20693e-05  -0.0026761  0.00600906 0.000470242 1 0 0
                28.8 -0.513199 -0.049541   12.9321  11.1162 -1.12723  2.02401  -0.513362    0.18596 -0.0114785  0.000382162  0.000217872 -5.84752e-05 -0.00272713   0.0059913 0.000384438 1 0 0
             28.8999 -0.794035    1.4078   12.8531  11.0681 -1.10312  2.01484  -0.452309   0.152724 -0.0310935  0.000416119  0.000238694 -2.61135e-05 -0.00279299  0.00577716 0.000679343 1 0 0
             28.9997 -0.665898   2.59482   13.6347  11.0246 -1.09826  2.01352   -0.453467   0.0375225 -0.00737866  0.000406568  0.000208949 -8.33426e-05 -0.00278368   0.0059285   0.0006508 1 0 0
             29.0995 -0.0525134     1.9237    15.5183  10.9793 -1.10046   2.0138   -0.464328 -0.00790359  0.00658967  0.000381384  0.000220765 -9.82799e-05 -0.00276331  0.00605859 0.000646461 1 0 0
             29.2002 -0.162124  0.915511   17.6665  10.9335 -1.11243  2.02027 -0.490538 -0.110175 0.0446156  0.000400079   0.00025401 -0.000113813 -0.00279316  0.00630932 0.000476205 1 0 0
             29.3001 0.0191215 -0.892795   20.0039 10.8904  -1.137 2.02644  -0.47362 -0.174666 0.0292075  0.000378769  0.000263761 -0.000125234 -0.00290176  0.00669709 0.000394999 1 0 0
             29.3999  -0.696377 -0.0883469    22.1234   10.843 -1.15993  2.02392  -0.438213  -0.196386 -0.0584846  0.000386196  0.000286613 -0.000118667 -0.00279027  0.00683753 0.000442692 1 0 0
             29.4998 -1.00244  2.87831  23.3284  10.8055 -1.18013  2.01639  -0.361438  -0.229922 -0.0600761 0.000397476 0.000254702 -0.00011456 -0.00287312  0.00682751 0.000466689 1 0 0
             29.5996 -1.4446 3.80035 22.3179    10.77 -1.19537   2.0096  -0.392703  -0.204787 -0.0758171 0.000391178 0.000230465 -0.00011923 -0.00305356  0.00662948 0.000494471 1 0 0
             29.6998 -2.65512  4.68265  18.9387  10.7297 -1.21767  1.99479 -0.422631 -0.201978 -0.139728  0.000395788  0.000264675 -9.94461e-05 -0.00306604  0.00669831 0.000667168 1 0 0
             29.7997 -3.06882  7.34422  14.6335  10.6805 -1.22946  1.98666   -0.46583    -0.1593 -0.0980282  0.000414439  0.000250021 -6.11104e-05 -0.00294477  0.00639911 0.000518721 1 0 0
             29.8995 -3.5987 9.10399 9.42734  10.6267 -1.24297  1.98082  -0.542997  -0.121683 -0.0382638  0.000401125  0.000204465 -6.82554e-05  -0.002798 0.00633633 0.00049019 1 0 0
             30.0001 -3.79012  9.04014  4.16058  10.5699 -1.24067   1.9726   -0.59369 -0.0371424  -0.047846  0.000448755  0.000206076 -4.68921e-05  -0.0029904  0.00598704 0.000637303 1 0 0
                30.1 -3.42287  9.43016 -1.22189  10.5076 -1.24105  1.96302  -0.595255 -0.0441419  -0.069383 0.000443362 0.000209867 -3.9807e-05 -0.00296868  0.00585521 0.000794032 1 0 0
             30.1998 -3.02317  10.8408 -7.02646  10.4603 -1.25072  1.95014  -0.483559  -0.122402 -0.0829609  0.000438037  0.000186004 -3.81402e-05 -0.00327179  0.00591884 0.000955972 1 0 0
             30.2997 -3.49396  13.2622 -12.7237  10.4149 -1.25178  1.93998  -0.477392  -0.127205 -0.0671156  0.000429445  0.000143747 -3.77965e-05 -0.00338588  0.00551024  0.00101966 1 0 0
             30.3995 -3.53915   13.815 -17.6401 10.3673 -1.2679 1.94009  -0.516358  -0.195517 -0.0138663 0.000439526 0.000110402 -2.8691e-05 -0.00345316  0.00549873 0.000826569 1 0 0
             30.5001 -2.69001  13.1709  -21.704   10.302 -1.27207  1.96289  -0.59948 -0.169068 0.0593011  0.000402959  0.000101302 -6.68742e-05  -0.0027922  0.00513431 0.000104667 1 0 0
                30.6 -1.81132  12.9562 -24.5368  10.2382 -1.29886  1.98279 -0.640964 -0.251842 0.0765281  0.000379659  8.32914e-05 -6.67934e-05 -0.00264862  0.00540597  -0.0004253 1 0 0
             30.6998 -0.497141   13.9181  -27.1968  10.1867 -1.34231  1.97315  -0.585173  -0.364141 -0.0364154 0.000351119 7.23015e-05 -0.00010329  -0.00335421   0.00564564 -8.73004e-05 1 0 0
             30.7997 -0.0621291    15.6908   -30.0575  10.1315 -1.39118  1.95638  -0.566273  -0.383111 -0.0767432  0.000337068  3.36853e-05 -0.000111839 -0.00372551  0.00593759 0.000335705 1 0 0
             30.8995 -0.851671   16.9951  -34.3599  10.0731 -1.43599   1.9463  -0.580481  -0.333749 -0.0691541  0.000382831  7.18188e-07 -9.36667e-05 -0.00386008  0.00621726 0.000417612 1 0 0
             31.0001 -1.00701  18.0715 -38.2298  10.0197 -1.47739  1.93807  -0.560002  -0.248436 -0.0411249  0.000396647 -1.38912e-05 -6.79628e-05 -0.00430173  0.00650876  0.00044749 1 0 0
                31.1 -0.930343   18.0557  -41.3584  9.95759 -1.49564  1.93198  -0.591976  -0.134587 -0.0652902  0.000392786 -2.06736e-05 -7.39272e-05 -0.00413105  0.00658386  0.00053635 1 0 0
             31.1998 -0.551476   17.8775  -44.4681  9.89577 -1.49899  1.92614  -0.597662 -0.0102124  -0.072465  0.000428847 -1.70467e-05  -6.9539e-05 -0.00392972  0.00652258 0.000552446 1 0 0
             31.2997 -0.280285   18.4992  -47.0264  9.83471 -1.50167  1.91964  -0.593045  0.0617952 -0.0848253  0.000415557 -3.04964e-05 -6.83958e-05 -0.00399853   0.0067248 0.000447977 1 0 0
             31.3996 -0.14464  19.0773 -50.1492  9.77192 -1.49425  1.91637  -0.596936    0.10119 -0.0387508  0.000441518 -6.11438e-05 -6.50378e-05 -0.00386791  0.00682403 0.000313217 1 0 0
