            0.399801  0.0374555  0.0195747 -0.0139755 -0.000429148   0.00293609  0.000783192 -0.000211338 -0.000218494 -0.000400868 -6.44274e-08 -2.73342e-08  2.65537e-08   2.1423e-09 -1.54644e-08 -4.19817e-09 1 0 0 11493
            0.499633 -0.0953923 -0.0918147  0.0138115  0.00195726  0.00614226 -0.00352832  0.0082496  0.0186407 -0.0209098  1.18878e-05  1.05421e-05 -4.62535e-06 -1.48565e-06 -2.65481e-06  3.00311e-06 1 0 0 11518
            0.599473 -0.0894141 -0.0416493 0.00591921 -0.000209639   0.00899198  -0.00229789 -0.00955376   0.0251391 -0.00124337    1.117e-05  4.25417e-06 -3.84995e-06  2.69139e-06 -4.06262e-06 -1.98782e-06 1 0 0 11549
            0.700113  -0.175497 -0.0282085 -0.0103484 -0.00192964  0.00920928 -0.00131415 -0.0144539  0.0142523 0.00559488  2.17418e-05   2.2395e-06 -2.79121e-06 5.17947e-06 4.69892e-06 -6.0637e-06 1 0 0 11495
            0.799973   -0.13319 -0.0331124 0.00228417 -0.00228301  0.00931513 -0.00060986 -0.00733183  0.00916593  0.00687051  1.76463e-05  3.51851e-06 -4.63712e-06 -9.79378e-06  1.51447e-05 -1.09778e-05 1 0 0 11545
            0.899722   -0.126002  -0.0594587 -0.00102007 3.53969e-05  0.00949274 -0.00230336    0.010787  0.00698505 -0.00456956  1.83231e-05  7.83279e-06 -3.83397e-06 -6.07051e-05  2.38792e-05  1.07786e-05 1 0 0 11339
             0.99965 -0.150492 -0.052074 0.0136465 -0.000174364   0.00900137   -0.0025178  0.00226262  0.00282738 -0.00395393   2.0808e-05  8.22845e-06 -5.88732e-06 -2.98734e-05  4.34185e-05  1.08733e-05 1 0 0 11417
             1.09949   -0.148161  -0.0523625 -0.00697279 0.000353389  0.00696353 -0.00340002  0.00370211 -0.00744034 -0.00621962  2.05276e-05  8.58949e-06 -3.46509e-06 -3.74594e-05  8.74054e-05  2.00478e-05 1 0 0 11501
             1.20014   -0.13315 -0.0320031 0.00154174 -0.000935369   0.00628374  -0.00237035 -0.00751751 -0.00592722  0.00243341  2.01362e-05   8.0072e-06 -4.25195e-06 1.26627e-06 8.75257e-05 -1.1682e-05 1 0 0 11570
             1.29901  -0.119536 -0.0498439  0.0204462 -0.000962913   0.00798635  -0.00337882  -0.0040229   0.0074117 -0.00365777  2.10887e-05  1.04705e-05 -6.45813e-06 -1.58736e-05  4.34385e-05  1.57049e-05 1 0 0 11315
             1.39763  -0.129461 -0.0273357 0.00742523 -0.00141793  0.00716121 -0.00216738  -0.00373902 -0.000456489   0.00572496  2.27055e-05  8.02964e-06 -4.66703e-06 -2.07339e-05  7.60836e-05 -2.10778e-05 1 0 0 11359
             1.49632  -0.143828 -0.0407465  0.0128663 -0.00118221  0.00427196 -0.00211974 -0.000537667   -0.0132757   0.00371229  2.45431e-05  9.58755e-06 -5.43168e-06 -3.98705e-05   0.00013697  -9.8251e-06 1 0 0 11336
             1.59509  -0.173016 -0.0633395 0.00145126   0.0005833  0.00302772 -0.00326616    0.010992    -0.01079 -0.00367158  2.89488e-05  1.21328e-05 -4.02397e-06 -9.1345e-05 0.000138462 2.09331e-05 1 0 0 11298
              1.6998  -0.143986 -0.0336387  0.0052636 -0.000892465   0.00421485  -0.00280147  -0.00756614   0.00292243 -0.000342887  2.76744e-05   1.1272e-05 -4.86465e-06 -2.10176e-05  9.39848e-05  7.94482e-06 1 0 0 11466
             1.79965   -0.161769  -0.0639198 -0.00455607 0.000370649  0.00394417 -0.00252802 0.00789246 0.00164989 0.00288859  3.02447e-05  1.34398e-05 -3.31168e-06 -8.34511e-05  0.000109221 -6.06056e-06 1 0 0 11519
              1.8995 -0.121362 -0.059088 0.0151241  0.00133945  0.00118035 -0.00137325 0.00962049  -0.012214 0.00835784  2.48251e-05  1.31314e-05 -5.87541e-06 -9.35047e-05  0.000171307 -2.66643e-05 1 0 0 11495
             2.00014 -0.125696 -0.031347 0.0129844 -0.000174513  0.000854185  0.000496069 -0.00965719 -0.00573441   0.0118911  2.62688e-05  1.18726e-05 -5.57159e-06 -2.28187e-05  0.000153075 -4.51604e-05 1 0 0 11571
             2.09999   -0.19348 -0.0686781 -0.0259633 0.000919473 0.000379362 -0.00152303  0.00248513 -0.00400598 -0.00545153  3.50525e-05  1.53186e-05 -7.92333e-07 -7.8636e-05 0.000154065 2.64133e-05 1 0 0 11566
             2.19982  -0.167686 -0.0424587  0.0094721  4.00461e-05   0.00042624 -0.000943601 -0.00612806 0.000869991  0.00074494  3.30653e-05  1.34334e-05 -5.08565e-06 -4.97623e-05  0.000147451  3.70431e-06 1 0 0 11400
             2.29972 -0.126417 -0.056459 0.0203405 -0.000261781   0.00333665  -0.00305429 -0.00653231   0.0179169  -0.0120103  3.08362e-05  1.57896e-05 -6.19429e-06 -5.22506e-05  8.79949e-05  5.51281e-05 1 0 0 11357
             2.39955  -0.137905 -0.0461048 0.00891192 -0.000902034   0.00542831  -0.00283907 -0.00560843   0.0207569 -0.00342111  3.33475e-05  1.46088e-05 -4.93205e-06 -5.74697e-05  8.29892e-05   2.0168e-05 1 0 0 11581
              2.4998  -0.189913 -0.0472287 -0.0114777 -0.000353212   0.00341595  -0.00193648  0.00462531 0.000409026  0.00531466  4.02897e-05   1.4923e-05 -2.58347e-06 -0.000102676  0.000177924 -1.54604e-05 1 0 0 11510
             2.59874  -0.158858 -0.0465082  0.0113067 -0.000324191   0.00413933  -0.00212052 0.000105564  0.00599941 0.000763089  3.77946e-05  1.55302e-05 -5.61479e-06 -8.69818e-05   0.00016474  4.60624e-06 1 0 0 11393
             2.69744  -0.138824 -0.0310361  0.0113024  -0.00135045   0.00519756 -0.000886566  -0.008123 0.00985124 0.00725826  3.63999e-05  1.39707e-05 -5.57052e-06  -5.9134e-05    0.0001553 -2.27471e-05 1 0 0 11390
             2.79623  -0.149911 -0.0670684 0.00960497 -0.000610181   0.00468399   -0.0029096 0.00119433 0.00303865 -0.0074961  3.77221e-05   1.7931e-05 -5.53267e-06 -0.000101761  0.000192016  4.33728e-05 1 0 0 11257
             2.89992   -0.15769 -0.0431546  0.0150955 -0.00205692  0.00454199 -0.00285947  -0.0102681  0.00232841 -0.00344889 3.97127e-05 1.68037e-05 -6.1681e-06 -5.88219e-05   0.00020455  2.74472e-05 1 0 0 11258
             2.99976  -0.117517 -0.0659065 0.00831772 -0.000971491   0.00637075  -0.00258452 0.00585273  0.0120365  0.0022194   3.6144e-05   1.9445e-05 -5.62401e-06 -0.000131167  0.000173642  3.89662e-06 1 0 0 11508
             3.09959  -0.160449 -0.0488209 0.00838531 0.000275168  0.00396101 -0.00240083   0.0107525 -0.00654274  0.00250796   4.1601e-05  1.72581e-05 -5.11476e-06 -0.000157378  0.000256215  2.71963e-06 1 0 0 11497
             3.19983  -0.143367 -0.0369849 0.00908911 1.05728e-05  0.00106948 -0.00148236 0.000628253  -0.0169033   0.0057497  4.09527e-05  1.67513e-05 -5.51663e-06 -0.000117854   0.00030966 -9.41779e-06 1 0 0 11596
             3.29974   -0.164014  -0.0461661 0.000121583 0.000208697 -0.00149584 -0.00122207 0.000917908  -0.0203407   0.0041669  4.46984e-05  1.87258e-05 -4.29328e-06 -0.000122734  0.000332886 -8.60427e-07 1 0 0 11575
             3.39957  -0.148389 -0.0318844 0.00626006 -0.000704505  -0.00120755  -0.00129103 -0.00895215 -0.00579404  0.00219191  4.42897e-05  1.81629e-05 -5.40373e-06 -8.88681e-05  0.000280033  1.81821e-05 1 0 0 11659
             3.49981  -0.167002 -0.0606737 0.00569233 -0.000129867 -0.000671353  -0.00270992 8.23553e-05  0.00174772 -0.00568302  4.80868e-05  2.27346e-05 -5.34355e-06 -0.000135236  0.000257064  5.74375e-05 1 0 0 11390
             3.59954  -0.135925  -0.048048 0.00562994 -0.000381701   0.00201716  -0.00253202 -0.00250447   0.0163116 -0.00106975  4.55728e-05  2.17717e-05 -4.87104e-06 -0.000129377  0.000200299  3.94372e-05 1 0 0 11481
             3.69948  -0.150051    -0.0544 0.00284186  0.00084719  0.00135505 -0.00189261  0.0100363 0.00463354 0.00410564  4.99376e-05  2.33076e-05 -4.85654e-06 -0.000186589  0.000260182  1.24912e-05 1 0 0 11516
             3.79983  -0.127056 -0.0560911   0.012648 0.000962385  0.00178031 -0.00217996  0.00161652   0.0061491 -0.00115007  4.83804e-05  2.39819e-05 -6.05869e-06 -0.000155575  0.000263792  3.43173e-05 1 0 0 11561
             3.89855     -0.14561   -0.0423571 -0.000332427 0.000564315   0.0032531 -0.00206575 -0.00360437   0.0129636  0.00048538  5.21433e-05   2.3354e-05 -4.74127e-06 -0.000138832  0.000245095  3.03494e-05 1 0 0 11355
             3.99735    -0.156361   -0.0542815 -0.000766431 -7.29226e-05   0.00463126  -0.00275773 -0.00622025   0.0152055 -0.00426748  5.50656e-05  2.61112e-05 -5.00517e-06 -0.000128011  0.000244496  5.19489e-05 1 0 0 11264
             4.09615   -0.149852  -0.0448308 -0.00304293 -0.00010356  0.00551058 -0.00246327 -0.00169556   0.0134135 0.000850237  5.55748e-05  2.50353e-05 -4.40291e-06 -0.000152194  0.000261768  3.15171e-05 1 0 0 11225
             4.19499  -0.133209 -0.0592677  0.0213845 0.000236702   0.0035215 -0.00355185  0.00137868 -0.00313211 -0.00565959 5.34209e-05 2.72186e-05 -7.6786e-06 -0.000169546  0.000344118  6.01988e-05 1 0 0 11232
             4.30015  -0.151123 -0.0435503 0.00593633 -0.0017818 0.00625531 -0.0030687  -0.0151585   0.0155778 -0.00091081  5.85542e-05  2.80869e-05 -5.56416e-06 -0.000104576  0.000274839    3.745e-05 1 0 0 11535
             4.39999  -0.132868 -0.0493737  0.0133807 -0.000947146   0.00434144  -0.00272974  0.00357293 -0.00259364   0.0034048  5.40626e-05  2.52266e-05 -6.89324e-06 -0.000189165   0.00035773  1.72478e-05 1 0 0 11536
             4.49983  -0.146954 -0.0451424 0.00846473 -0.000566714  9.18646e-05  -0.00233521 0.00374418 -0.0232591 0.00384027  5.36355e-05  2.44881e-05 -6.80276e-06 -0.000195451  0.000454849  1.59269e-05 1 0 0 11600
             4.59966  -0.147272 -0.0517965  0.0135996 7.11319e-05 -0.00190447 -0.00145558 0.00529155 -0.0197761  0.0073097  5.59839e-05  2.53989e-05 -7.60911e-06 -0.000207776  0.000450129  1.67863e-06 1 0 0 11674
             4.69952   -0.151161  -0.0509543 0.000918733    0.0010666 -0.000704553  -0.00167464   0.00733124 -0.000800656   0.00205919  6.08772e-05  2.58943e-05 -5.95847e-06 -0.00021803  0.00037606 2.58691e-05 1 0 0 11670
             4.80011  -0.155218 -0.0500972 0.00810027 0.000939334  0.00141417  -0.0020933 -0.00108392     0.01359 -0.00189787   6.4174e-05  2.71329e-05 -7.06371e-06 -0.000186631  0.000326657  4.64172e-05 1 0 0 11481
              4.8995  -0.148615 -0.0535557 0.00650229 0.000391571  0.00427969 -0.00408275 -0.00695794   0.0236474  -0.0134374    6.512e-05  2.88783e-05 -6.79143e-06 -0.000165147  0.000291603  9.76558e-05 1 0 0 11485
             4.99982  -0.145354 -0.0551326 0.00334522 -0.000733112    0.0059982   -0.0042154  -0.0100474   0.0216075 -0.00625635 6.61369e-05 2.96961e-05 -6.5215e-06 -0.000156663   0.00030886  6.60364e-05 1 0 0 11505
             5.09965  -0.161257 -0.0615404 0.00188449 0.000310017  0.00498709 -0.00404049 0.00643789 0.00479662 0.00131628  6.74257e-05  2.86143e-05 -6.00829e-06 -0.000239818   0.00039163  3.59056e-05 1 0 0 11577
             5.19846  -0.151581  -0.055144 0.00351038 0.000173511  0.00533246 -0.00362231 7.60174e-06  0.00535713  0.00260451  6.76227e-05  2.84519e-05 -6.20492e-06 -0.00021576 0.000396495 3.10132e-05 1 0 0 11255
             5.29731  -0.127346 -0.0468012  0.0112148 -0.000131912   0.00529046   -0.0027458 -0.00236689  0.00308974  0.00667346  6.55622e-05  2.78647e-05 -7.00829e-06 -0.000209242   0.00041247  1.48339e-05 1 0 0 11175
             5.39618  -0.160684 -0.0488838 0.00188244 0.000458564  0.00320127 -0.00267678 0.00370861 -0.0085758 0.00373003  6.92536e-05  2.82784e-05 -5.77767e-06 -0.000239098  0.000475809  2.85293e-05 1 0 0 11236
             5.49988   -0.160714  -0.0479971 4.97023e-05 -0.000239004   0.00447126  -0.00262517 -0.00569934  0.00445403  0.00112241  7.17218e-05  2.98053e-05 -5.85937e-06 -0.000201997  0.000427058  4.14704e-05 1 0 0 11342
             5.59973    -0.1434 -0.0482913  0.0163563 -0.00036367  0.00355185 -0.00315583  -0.0027602 -0.00168922 -0.00225876  6.95061e-05  3.01333e-05 -8.09014e-06 -0.000217572  0.000464339  5.80376e-05 1 0 0 11621
             5.69956  -0.152931 -0.0486227 0.00127146 -0.000997921    0.0051693  -0.00163381 -0.00466448  0.00945545  0.00793927  7.33105e-05  3.01857e-05 -6.41528e-06 -0.000212589  0.000421947  8.47387e-06 1 0 0 11577
             5.79983  -0.145244 -0.0495261 0.00479623 -0.000274643   0.00704512   -0.0023529  0.00271785   0.0155135 0.000636743  7.41991e-05  2.99017e-05 -6.66626e-06  -0.0002524 0.000402405 4.84125e-05 1 0 0 11619
             5.89966  -0.146986 -0.0450169  0.0059444 -0.000805043    0.0053589  -0.00293185 -0.00388427 -0.00069958 -0.00382133  7.36596e-05  3.05924e-05 -6.61503e-06 -0.000224242  0.000489892  7.12882e-05 1 0 0 11697
              5.9992    -0.156742   -0.0506174 -0.000242482 0.000185269  0.00564995 -0.00249149 0.00689112 0.00232685 0.00267832  7.66241e-05  3.12231e-05 -5.29471e-06 -0.000278752  0.000484654  4.24668e-05 1 0 0 11666
              6.0977  -0.138404 -0.0503293  0.0136055 0.00105259 0.00347037 -0.0022827  0.00790523 -0.00937087  0.00299507  7.40242e-05  3.12176e-05 -7.41993e-06 -0.000289851  0.000551766  4.49771e-05 1 0 0 11520
             6.19998   -0.145979  -0.0567872 2.24066e-05 0.000625191  0.00410442 -0.00208641  -0.0023891 0.000463208  0.00207041 7.69745e-05 3.35183e-05 -5.6135e-06 -0.000247018  0.000512872  5.30851e-05 1 0 0 11473
             6.29989  -0.175884 -0.0381449 -0.0046127 -0.000167987   0.00249864   -0.0022468  -0.00737951  -0.00708766 -0.000282218  8.16474e-05   3.1778e-05 -5.15452e-06 -0.000228902  0.000557761  6.57218e-05 1 0 0 11420
             6.39966   -0.173933  -0.0570011 -0.00320292 0.000451424  0.00212225 -0.00308838  0.00203309 -0.00342312 -0.00390442 8.24865e-05 3.48686e-05 -5.7048e-06 -0.00027579 0.000553104  8.5482e-05 1 0 0 11465
             6.49842  -0.153088 -0.0482666  0.0102292 -0.000585479   0.00495175  -0.00225947 -0.00804819   0.0161819  0.00279092  8.07852e-05   3.4356e-05 -7.48906e-06 -0.000231524  0.000471473   5.5484e-05 1 0 0 11202
             6.59731   -0.162044  -0.0504124 8.86672e-05 -4.31104e-05   0.00537502    -0.002347 0.00178909  0.0114817 0.00179896  8.30144e-05  3.38522e-05 -5.96358e-06 -0.00028205 0.000506688 6.10853e-05 1 0 0 11231
             6.69622  -0.144212 -0.0467864 0.00633014 -0.000440552   0.00618097  -0.00282982 -0.00426681   0.0111244 -0.00250107 8.13651e-05 3.50346e-05 -6.8936e-06 -0.000260496  0.000517738  8.30963e-05 1 0 0 11277
             6.79948   -0.150471    -0.04706 0.000603241 6.05274e-05  0.00337031 -0.00325487  0.00336622  -0.0090896 -0.00202175  8.15691e-05  3.48327e-05 -6.90187e-06 -0.000299184  0.000624323  8.44805e-05 1 0 0 11406
              6.9001   -0.160081  -0.0511446 -0.00690427 -0.000544874   0.00337956  -0.00303877  -0.00438333  -0.00264872 -0.000386161  8.41526e-05  3.68422e-05 -6.54424e-06 -0.000268689  0.000602406  7.49992e-05 1 0 0 11644
             6.99993   -0.15602 -0.0491327 0.00859633 -0.000812098   0.00419919  -0.00293393 -0.00397107  0.00465063 0.000631227  8.49723e-05  3.71153e-05 -8.97228e-06 -0.000278296  0.000577049  7.04735e-05 1 0 0 11518
             7.09979  -0.147366 -0.0400631 0.00344362 -0.00164002  0.00505179  -0.0034822 -0.00854608  0.00799508 -0.00314862  8.57837e-05  3.70928e-05 -8.45096e-06 -0.000261856  0.000567752  9.09047e-05 1 0 0 11679
             7.19964  -0.138643 -0.0564695   0.013882 -0.000486469   0.00361712  -0.00368747  0.00711344 -0.00319197 -0.00120013  8.29731e-05  3.65566e-05 -1.02178e-05 -0.000339629  0.000630323   7.9695e-05 1 0 0 11792
             7.29884  -0.130319 -0.0551023 0.00894863 0.000135252  0.00288211  -0.0046807  0.00484903 -0.00427397 -0.00606359  8.27338e-05  3.63544e-05 -1.02837e-05 -0.00033597 0.000644099 0.000107034 1 0 0 11605
             7.39739  -0.157994 -0.0551936 0.00278748 0.000185146  0.00367401 -0.00350179 0.00162581 0.00437215 0.00451301  8.90353e-05  3.66258e-05 -9.53355e-06 -0.000327935   0.00061548  5.83091e-05 1 0 0 11403
             7.49963  -0.130936 -0.0578486 0.00303815   0.0012866   0.0030447 -0.00216808  0.00928103 -0.00066352    0.010734  8.66948e-05  3.69195e-05 -9.80612e-06 -0.000370926  0.000647979  2.84027e-05 1 0 0 11407
             7.59949    -0.162363   -0.0528131 -0.000174218 0.000627822  0.00358114 -0.00186476 -0.00450055  0.00558422  0.00529587  9.27793e-05  3.81113e-05 -9.39852e-06 -0.000310898  0.000635661   5.7088e-05 1 0 0 11269
             7.69956   -0.153872  -0.0362588 -0.00472134 -0.000893067   0.00744181  -0.00122753 -0.0141292  0.0262772 0.00498275  9.54049e-05  3.77352e-05 -8.80495e-06 -0.000268779   0.00055025  5.85073e-05 1 0 0 11256
             7.79844   -0.153015  -0.0518445 -0.00692661 -0.000612713   0.00651591   -0.0023484 -0.00210438  0.00799957 -0.00326439  9.29355e-05  3.92289e-05 -8.63643e-06 -0.000329939   0.00064798  0.000100673 1 0 0 11242
             7.89736  -0.127074 -0.0494193  0.0107933 -0.000895509   0.00532177  -0.00232604 -0.00288579 -0.00165357 -0.00044058  8.93087e-05  3.87646e-05 -1.20407e-05 -0.000332985  0.000704273  9.13348e-05 1 0 0 11286
             7.99645  -0.116729 -0.0569912  0.0148188 -0.000481341   0.00351109  -0.00311553  0.00200663 -0.00975327 -0.00420488  8.88185e-05  3.93267e-05 -1.28263e-05 -0.000360562  0.000752723  0.000112202 1 0 0 11355
              8.0995  -0.137548 -0.0428651 0.00810725 -0.00115417  0.00552599 -0.00237952 -0.00447734  0.00879803  0.00264638  9.60944e-05  3.91042e-05 -1.19324e-05 -0.000330336  0.000673961  8.04824e-05 1 0 0 11546
             8.20016  -0.125726 -0.0545679  0.0130012 0.000302137  0.00403452 -0.00322038  0.00940691 -0.00387924 -0.00196134  9.47878e-05  4.01017e-05 -1.29871e-05 -0.000403186  0.000741654   0.00010726 1 0 0 11594
             8.30003  -0.162628 -0.0482774 -0.0045347 -0.000262102   0.00204793  -0.00334476 -0.00254646  -0.0111408 -0.00308912  0.000100694  4.04569e-05 -1.04947e-05 -0.000344814  0.000788029  0.000111451 1 0 0 11653
              8.3999  -0.127405 -0.0543497  0.0131766 -0.000306959   0.00325857  -0.00352184 -0.00139179   0.0031742 -0.00150332   9.7671e-05  4.19858e-05 -1.34769e-05 -0.00035329 0.000726442 0.000106555 1 0 0 11708
             8.49975   -0.167406  -0.0445717 0.000263401 -1.76291e-06   0.00286037  -0.00346524  0.00196478 0.000249381 0.000344344  0.000104883  4.03926e-05 -1.16328e-05 -0.00037477  0.00075036 9.78489e-05 1 0 0 11782
              8.5985  -0.139087 -0.0445185 0.00903894 0.000174752  0.00171507 -0.00311801  0.00174908 -0.00441233   0.0022335  0.000101962  4.09381e-05 -1.35503e-05 -0.000376766     0.000787  8.85383e-05 1 0 0 11426
             8.69709  -0.145205 -0.0558517 0.00598506 0.000762772  0.00172072  -0.0026778   0.00487607 -0.000901866   0.00441634  0.000104606  4.30451e-05 -1.27861e-05 -0.000395994  0.000777707  7.93387e-05 1 0 0 11366
             8.79569   -0.15853 -0.0511856 0.00319677  0.00070021   0.0012034 -0.00230292 -0.000252827  -0.00117799   0.00367519 0.000108198 4.36313e-05 -1.2406e-05 -0.000377837  0.000792343  8.31698e-05 1 0 0 11208
             8.89951    -0.148186   -0.0393075 -0.000144764 -7.6093e-05  0.00295345 -0.00136276 -0.0062384  0.0106898  0.0057076  0.000109487   4.2865e-05 -1.17662e-05 -0.000349778  0.000744256  6.72049e-05 1 0 0 11313
             8.99957  -0.156727 -0.0485641 0.00128883 0.000203441  0.00417275 -0.00125212 0.000246684   0.0132891  0.00357516    0.0001129  4.49864e-05 -1.16151e-05 -0.00038443 0.000744719 7.76728e-05 1 0 0 11248
             9.09852  -0.134087 -0.0405301  0.0095245 -0.000834063   0.00671613  -0.00114792 -0.00910063    0.021513  0.00176376  0.000111922  4.50882e-05 -1.26627e-05 -0.00033949  0.00071184 9.13033e-05 1 0 0 11317
             9.19759  -0.154712 -0.0532361 -0.0056195 -0.000671757   0.00516786  -0.00384197 -0.00313163  0.00196511  -0.0144779  0.000114664   4.6931e-05 -1.10765e-05 -0.000376454  0.000818355  0.000178333 1 0 0 11302
             9.29671  -0.137973 -0.0496448 0.00423317 -0.000932298   0.00543563  -0.00422203 -0.00236629  0.00379675  -0.0080946  0.000112965  4.63104e-05 -1.30668e-05 -0.00038537 0.000818957 0.000143585 1 0 0 11426
             9.39956  -0.163949 -0.0500805  0.0013951 0.000626035  0.00326075 -0.00352359   0.0129139 -0.00926171  0.00295731   0.00011576  4.55045e-05 -1.23051e-05 -0.000466564  0.000895167  8.91149e-05 1 0 0 11576
              9.4998  -0.151902 -0.0442881 0.00236531 0.000186588  0.00346757 -0.00356188  -0.00196854  -0.00118082 -0.000670414  0.000115901  4.57694e-05 -1.23896e-05 -0.000396154  0.000864488  0.000106594 1 0 0 11677
             9.59964  -0.152012 -0.0533066 0.00360132 0.000634983  0.00417748  -0.0033102 0.00276373 0.00522159 0.00182304  0.000116992   4.7227e-05 -1.22924e-05 -0.000426823  0.000844893  9.24396e-05 1 0 0 11660
             9.69949   -0.147474  -0.0450763 -0.00045839 0.000514452  0.00351826 -0.00254702 -0.000375717  6.97454e-05    0.0050966  0.000117186  4.72097e-05 -1.17723e-05 -0.000415796  0.000881125  7.45812e-05 1 0 0 11740
             9.79958   -0.165537  -0.0404012 -0.00385685  -0.00112064   0.00473066 -0.000763376 -0.0125909 0.00914429  0.0112932  0.000122364  4.93139e-05 -1.11013e-05 -0.000358545  0.000850004  3.92646e-05 1 0 0 11532
             9.89817  -0.127116 -0.0451517  0.0102213 -0.000454542   0.00558336   -0.0015067 0.000673865  0.00967977   0.0021028  0.000118228  4.85991e-05 -1.29114e-05 -0.000426457  0.000855005  9.16959e-05 1 0 0 11357
             9.99678  -0.141937 -0.0470063 0.00881365 -0.00033568  0.00486797   -0.001962 9.97014e-05  0.00139155 -0.00157702  0.000119261  4.96313e-05 -1.27022e-05 -0.000429319   0.00090246  0.000112568 1 0 0 11224
             10.0954    -0.15202  -0.0457823 -0.00257093 -0.000139299   0.00485791 -0.000993676 0.00177024 0.00196601 0.00549725 0.000121264 4.99017e-05 -1.0962e-05 -0.000445916  0.000909929  7.50839e-05 1 0 0 11236
             10.1995  -0.139019 -0.0533147 0.00993956   0.00106671   0.00167455 -9.24199e-05  0.0100108 -0.0155049 0.00885804  0.000118391  5.13961e-05 -1.30601e-05 -0.000493715    0.0010104  6.25905e-05 1 0 0 11328
             10.2997   -0.147971  -0.0435956 -0.00543446    0.0010946    0.0034799 -0.000892488 -0.00025506  0.00430034 -0.00204375  0.000124319  5.23184e-05 -1.06692e-05 -0.000442999  0.000914267  0.000122956 1 0 0 11351
             10.3988  -0.154126  -0.051681 0.00140424  0.00120865  0.00128137 -0.00267862 -0.000297896  -0.00905619   -0.0114395  0.000124899  5.47276e-05 -1.18072e-05 -0.00044496 0.000994673 0.000175159 1 0 0 11331
             10.4979  -0.132804 -0.0441904 0.00474312 -0.000396867   0.00279576  -0.00233921  -0.0122478  0.00612944 -0.00361478  0.000123862  5.57159e-05 -1.24536e-05 -0.000385862  0.000926343  0.000133123 1 0 0 11458
             10.5997  -0.147463 -0.0473261  0.0120193 -0.000446822   0.00228924   -0.0033512 -0.00396728  0.00065223 -0.00670114  0.000126382  5.58581e-05 -1.40588e-05 -0.000437674  0.000964348  0.000147425 1 0 0 11364
             10.6995  -0.141828 -0.0544593   0.010665 -0.000528204   0.00527752  -0.00323378 -0.00238866   0.0182468 -0.00160774  0.000128488  5.63995e-05 -1.42107e-05 -0.000453663  0.000882156  0.000119948 1 0 0 11741
             10.8002   -0.165562   -0.041237 -0.00136537 -0.000312813   0.00294554  -0.00216742  0.00285672 -0.00413011  0.00589792  0.000132357  5.43655e-05 -1.21357e-05 -0.000484407   0.00100727  7.73253e-05 1 0 0 11644
                10.9  -0.152629 -0.0441068 0.00190362 -0.000441224   0.00381997  -0.00146073 -0.00103562  0.00414014  0.00653014  0.000131426   5.5439e-05 -1.29338e-05 -0.000468161  0.000971254  7.50219e-05 1 0 0 11684
             10.9998  -0.158708 -0.0307214  0.0027734  -0.00137527   0.00415851 -0.000233693 -0.0073868 0.00518451 0.00941885  0.000133426  5.42206e-05 -1.24039e-05 -0.000436777  0.000976284  6.03684e-05 1 0 0 11652
             11.0993   -0.156661  -0.0527958 0.000505564 -0.000617635   0.00657082  -0.00205015  0.00151136   0.0173728 -0.00590548  0.000135543  5.74621e-05 -1.17625e-05 -0.000486736  0.000923981  0.000149858 1 0 0 11474
             11.1979   -0.14744 -0.0461274 0.00849025  -0.0011547  0.00618353 -0.00223974 -0.00412326  0.00762229 -0.00376542  0.000134589  5.72701e-05 -1.32712e-05 -0.000464313  0.000989733  0.000139345 1 0 0 11215
             11.2966  -0.146481 -0.0384264 0.00119422 -0.000906295   0.00490737  -0.00275217 0.000725125 -0.00171345 -0.00416366  0.000134352  5.61729e-05 -1.25007e-05 -0.000497075   0.00105486   0.00014044 1 0 0 11207
             11.4001   -0.161559  -0.0518405 -0.00172489 0.000484012  0.00352696  -0.0034009  0.00997113   -0.006963 -0.00395151  0.000136873  5.71263e-05 -1.20838e-05 -0.000551828    0.0010921  0.000142297 1 0 0 11204
             11.4999  -0.130188 -0.0425463  0.0121552 0.000228011  0.00342396 -0.00190553  0.00100144 -0.00223238  0.00674831  0.000134516   5.7016e-05 -1.49086e-05 -0.00051061  0.00107707 8.66556e-05 1 0 0 11524
             11.5998  -0.148006 -0.0458384 0.00645034 -0.000550817   0.00221788  -0.00135632 -0.00622534 -0.00582066  0.00530495  0.000138076  5.94921e-05 -1.38532e-05 -0.000472839   0.00110854  9.58039e-05 1 0 0 11523
              11.699  -0.152345 -0.0458985   0.003828 -0.000106319   0.00287787 -0.000921038  0.0016197 0.00301311 0.00561436  0.000139923  5.90777e-05 -1.28476e-05 -0.000520624   0.00107485  9.24796e-05 1 0 0 11438
             11.7981  -0.162026 -0.0497968 0.00240792 2.01388e-06  0.00438458 -0.00281638 -0.00167127   0.0116547 -0.00900115  0.000143591  5.99365e-05 -1.27525e-05 -0.000506176    0.0010393  0.000177972 1 0 0 11351
             11.8997  -0.142835 -0.0448382 0.00483167 -0.000359325   0.00627799  -0.00280455 -0.00348719   0.0171093 -0.00331768   0.00014213   5.9962e-05 -1.25831e-05 -0.000503755   0.00102002  0.000147568 1 0 0 11521
             11.9995  -0.140436 -0.0534285   0.005401 0.000610734  0.00386109 -0.00337013  0.00660505 -0.00373648 -0.00331289  0.000142695  6.13798e-05 -1.26202e-05 -0.000569985   0.00115289  0.000148836 1 0 0 11749
             12.1002  -0.144446 -0.0379246 0.00368416 -0.000561856   0.00388914  -0.00255226 -0.00777573 0.000103618  0.00179295 0.000145353 6.04383e-05 -1.1823e-05 -0.00049543  0.00113866 0.000115061 1 0 0 11677
                12.2  -0.138426 -0.0435703  0.0154414 -0.00138718  0.00456672 -0.00168329 -0.00830661  0.00520908  0.00595975  0.000144978  6.18477e-05 -1.36242e-05 -0.000499084   0.00112135  9.15094e-05 1 0 0 11572
             12.2999  -0.150265 -0.0408022 0.00196461 -0.000451572   0.00502221  -0.00169773 0.00482687 0.00725234 0.00416113 0.000147858 6.11588e-05 -1.1182e-05 -0.000577086   0.00112839  0.000105408 1 0 0 11603
             12.3991  -0.152921 -0.0419041  0.0019987  0.00030608  0.00481686 -0.00141254  0.0062225 0.00319744 0.00393795  0.000148267  6.22404e-05 -1.23671e-05 -0.000590249   0.00115831  0.000108511 1 0 0 11283
             12.4977   -0.178018  -0.0468027 -0.00780165 -3.64119e-05   0.00494465  -0.00230329 -0.00283485  0.00454196 -0.00347985  0.000149592  6.21605e-05 -1.08255e-05 -0.000541709   0.00116828  0.000160852 1 0 0 11188
             12.5963  -0.221257 -0.0681373 -0.0108108 -0.000785194   0.00425637  -0.00262682 -0.00654072   -0.002332 -0.00371338   0.00015373  6.52749e-05 -1.06794e-05 -0.000523833   0.00120563  0.000163043 1 0 0 11215
              12.695    -0.212839   -0.0794534 -0.000157609 0.000384956  0.00368654  -0.0030681  0.00784992 -0.00372819  -0.0026206  0.000150906  6.49647e-05 -1.26056e-05 -0.000608973   0.00122487  0.000157634 1 0 0 11317
             12.7995  -0.265506 -0.0748827  -0.032821 -0.000371739  0.000594879  -0.00143814 -0.00481775  -0.0132654  0.00719248  0.000154548  6.36056e-05 -1.04026e-05 -0.000558783   0.00131475  9.87971e-05 1 0 0 11471
             12.9002   -0.253136   -0.072639 -0.00533636 -0.000539774 -0.000191609 -0.000822466 -0.00312464 -0.00889396  0.00672293  0.000154988  6.47647e-05 -1.32914e-05 -0.00056029  0.00128515 0.000100603 1 0 0 11596
             12.9993    -0.30005  -0.0975257 -0.00974971 -0.00020212 -0.00206711 -0.00198533 -0.000228255   -0.0135674  -0.00386948  0.000158525  6.68433e-05 -1.28504e-05 -0.000584917   0.00131789   0.00016103 1 0 0 11439
             13.0984   -0.294499  -0.0730864 -0.00589999 -0.000925672  0.000403473   -0.0026715 -0.00675977  0.00819157 -0.00625691  0.000160936  6.49405e-05 -1.38768e-05 -0.000549101   0.00120029  0.000175499 1 0 0 11538
             13.1997  -0.302793 -0.0831327 -0.0280316 -0.000232985   0.00214746  -0.00263331  0.00396459   0.0143501 -0.00120231  0.000164498  6.57929e-05 -1.22571e-05 -0.000615589   0.00117732  0.000146243 1 0 0 11618
             13.2996   -0.392514   -0.144585 -0.00309248 -0.00175664  0.00519019 -0.00142347 -0.0097936  0.0222775 0.00519798  0.000163606  6.90527e-05 -1.43311e-05 -0.000550426   0.00114339  0.000108735 1 0 0 11768
             13.3998   -0.281578  -0.0842266 -0.00832138 -0.000794838   0.00601058  -0.00133658 0.00326957  0.0159408 0.00503655  0.000166412  6.73812e-05 -1.24584e-05 -0.000628256   0.00118274  0.000116516 1 0 0 11622
             13.4997    -0.242081   -0.0821836 -0.000281984 0.000610808  0.00546241 -0.00151542 0.00835983   0.011026 0.00286776   0.00016965  6.97211e-05 -1.05972e-05 -0.000675762   0.00125472  0.000135804 1 0 0 11473
             13.5995  -0.222276 -0.0866387  0.0179161 0.000265678  0.00715762 -0.00257062 -0.00382075   0.0170994 -0.00609281  0.000168617  7.29434e-05 -1.38128e-05 -0.000606109   0.00122457  0.000189423 1 0 0 11509
             13.6988   -0.23942 -0.0366995 -0.0293784 0.000760864  0.00603674 -0.00336903  0.00975841 -0.00632743  -0.0068146  0.000168878  7.26868e-05 -1.06207e-05 -0.000635819   0.00131163  0.000193948 1 0 0 11214
             13.7974    -0.183  0.104611 -0.452832 6.98338e-06  0.00235523 -0.00241262 -0.00544099  -0.0244042   0.0361617  0.000164263    7.059e-05 -9.94228e-06 -0.000550748   0.00141322  0.000175849 1 0 0 11141
             13.8961  -2.65004 -0.391609  -1.81243   0.0028531 0.000801387   0.0150881  0.0321303 -0.0284939    0.28071  0.00020517 7.61422e-05 4.86749e-06 -0.000680795    0.0013685  6.12926e-05 1 0 0 11528
             13.9997 -3.88199  -1.0527 -4.67138  0.00649626 -0.00236838   0.0572658  0.0136457 -0.0652457   0.521669 0.000201274 7.26774e-05  3.3616e-05 -0.000713513   0.00125089 -8.34802e-06 1 0 0 12645
             14.0995 -5.47732 -0.72208 -7.18225 0.00425366 -0.0124202    0.12578 -0.0234313 -0.0683636   0.858636 0.000210635 4.81791e-05 1.46863e-05 -0.000649442   0.00142587 -1.24971e-05 1 0 0 13979
             14.2001 -6.18046 0.732857 -8.29949 0.00647766 -0.0213231   0.226183  0.0568055 -0.0549058    1.12008   0.00020254  2.82521e-05 -9.19211e-06 -0.000721623   0.00151767 -8.15167e-06 1 0 0 14810
                14.3  -7.2089  1.62653 -8.98561  0.0174555 -0.0307272   0.345523   0.16175 -0.116408   1.24427  0.000200338  3.60939e-05 -2.31332e-05 -0.000727666   0.00158816 -3.51247e-05 1 0 0 15718
             14.3999 -7.49237  3.01369 -8.74438  0.0373569 -0.0483617   0.469864 0.228589 -0.19888  1.25785  0.000197863  3.23835e-05 -3.97752e-05 -0.000747511   0.00166804  6.11331e-05 1 0 0 16738
             14.4997 -8.15604  5.64979 -9.31674  0.0590684 -0.0759932   0.595087  0.233218 -0.275581   1.19994  0.000202236  1.37139e-05 -3.87796e-05 -0.000670331   0.00185989  9.89546e-06 1 0 0 17381
             14.5995  -7.4434   9.4655 -9.85615 0.0850549 -0.103131  0.704908  0.241161 -0.270136   1.03306  0.000188921 -1.24914e-06 -5.45192e-05 -0.000822249   0.00181365  5.18244e-05 1 0 0 17859
             14.7002 -6.51911  12.4424  -9.9133  0.107023 -0.119251   0.80442  0.205892 -0.172494  0.927921  0.000195711  4.49655e-06 -6.83151e-05 -0.000683406   0.00154416 -5.20157e-05 1 0 0 18118
                14.8 -5.96039  14.4157 -9.74309  0.120109 -0.138896  0.891767  0.112992 -0.172052  0.829314  0.000205433  1.85307e-05 -7.71667e-05 -0.000447727   0.00170742  4.05869e-05 1 0 0 18426
             14.8998 -4.61956  16.3904 -8.47208    0.1333 -0.158908  0.965705  0.100698 -0.184287  0.715169  0.000189645  2.81605e-05 -9.90499e-05 -0.000728129    0.0017702  0.000173949 1 0 0 18589
             14.9995  -2.8883   17.175 -7.45613   0.14246 -0.180161   1.03351 0.0926146 -0.183991  0.669906  0.000180895  4.87831e-05 -0.000101472 -0.000724763   0.00190366   0.00025526 1 0 0 18903
             15.0982 -1.56572   17.289 -6.76214  0.151999 -0.196248   1.09551  0.129346 -0.160563  0.586256  0.000192007   6.3476e-05 -9.85433e-05 -0.000656633   0.00187127  0.000319242 1 0 0 19177
             15.2001 -0.229075   17.9744  -6.65392  0.171541 -0.206486   1.15333  0.236995 -0.102991  0.513308 0.000187134 5.19263e-05 -8.7622e-05 -0.000639696   0.00169308  0.000162612 1 0 0 19820
                15.3 0.848518  16.6655 -5.66525  0.199008 -0.215861   1.20224  0.290504 -0.102817  0.469735  0.000193001  8.11082e-05 -0.000100272 -0.000687432   0.00165133  0.000131848 1 0 0 20627
             15.3999  2.21089  13.6334 -6.02285  0.229313 -0.226301   1.24098   0.367454 -0.0781816   0.371779  0.000194643  0.000107757 -6.70489e-05 -0.000628533   0.00170425  0.000414353 1 0 0 22275
             15.4997  1.39995  12.8284 -5.17619  0.271905 -0.229704   1.27584   0.481306 -0.0377842   0.335869  0.000224622  8.51761e-05 -7.24391e-05 -0.000593074   0.00161207   0.00045473 1 0 0 23240
             15.5995 0.519318  13.4278 -4.50443  0.326145 -0.232678   1.31008    0.578508 -0.00954467    0.343217  0.000217711  7.06208e-05 -7.89059e-05 -0.000696084   0.00162283  0.000374102 1 0 0 23367
             15.6998 -0.256383   14.2936  -4.97812 0.384837 -0.23162  1.34801  0.577485 0.0106882   0.39279  0.000230942   6.5407e-05 -6.09863e-05 -0.000662025   0.00157109  0.000244741 1 0 0 23435
             15.7996 -1.34738  13.1464 -7.14791 0.440008 -0.23374  1.39203   0.551185 -0.0198154   0.441095  0.000235733  8.20198e-05 -3.87288e-05 -0.000559871   0.00168074  0.000122948 1 0 0 23564
             15.8995 -1.54628  10.7491 -8.08708 0.496697 -0.24202  1.43108    0.57514 -0.0723287   0.364197  0.000224299  9.31707e-05 -4.64752e-05 -0.000664479   0.00187141  0.000220968 1 0 0 23597
             16.0001 -1.00338  8.90043 -7.34215  0.556165 -0.251745   1.46096   0.598293 -0.0879286   0.278826  0.000215804  9.24663e-05 -5.85922e-05 -0.000773682   0.00194486  0.000389869 1 0 0 23399
             16.0999 0.354304  7.48225 -7.39963  0.619389 -0.265243   1.48426  0.665187 -0.107184  0.203835  0.000202422   8.9532e-05 -4.14956e-05 -0.000844766   0.00212882  0.000451161 1 0 0 23274
             16.1998 0.729672  6.16438  -8.4501  0.690046 -0.275359   1.50068   0.741921 -0.0857703   0.133673  0.000215645  8.90858e-05 -2.42358e-05 -0.000891108   0.00213495  0.000472463 1 0 0 23061
             16.2997 0.626387  4.77432 -8.54318  0.766054 -0.276835   1.51385   0.798471 -0.0292365   0.125129  0.000228623  9.22519e-05 -2.82213e-05 -0.000748762   0.00192184  0.000428169 1 0 0 22968
             16.3995 0.809515  3.35371 -8.01946  0.846919 -0.273934    1.5308   0.830285 0.00715235   0.183951  0.000242009  9.72309e-05 -2.50502e-05 -0.000663116   0.00169932  0.000302378 1 0 0 22927
             16.4998 0.311686  2.03353 -6.44494  0.932366 -0.277643    1.5512   0.852977 0.00374787   0.190355  0.000240563  9.77026e-05 -3.55013e-05 -0.000754876    0.0019368  0.000261193 1 0 0 22887
             16.5996 -0.613986   2.68702   -6.2573   1.0188 -0.27893  1.56776    0.870279 -0.00746285    0.156349  0.000234892  7.57474e-05 -2.51663e-05 -0.000859763   0.00201236  0.000246158 1 0 0 22902
             16.6999 -0.659057   2.15062  -6.90583   1.10905 -0.284482   1.58106   0.923867 -0.0125383   0.128895  0.000220548  8.94722e-05 -1.41194e-05 -0.000939087   0.00224422  0.000357167 1 0 0 22857
             16.7997 -1.49643  1.32088 -7.00717   1.20158 -0.282144    1.5927  0.973658 0.0237041 0.0637749   0.00023598  9.98619e-05 -1.78234e-05 -0.000723727   0.00217023  0.000252981 1 0 0 22822
             16.8995 -1.60991 0.722866 -8.15291    1.3027 -0.281052   1.59138    1.04015 0.00777534 -0.0260501  0.000231641  9.65722e-05 -3.71026e-06 -0.000742456    0.0021976  0.000438776 1 0 0 22895
             17.0001 -1.78426 0.892385 -9.40123   1.41028 -0.276101   1.59219   1.08646   0.01153 0.0370814 0.000243899 8.03409e-05 1.57668e-06 -0.000770223   0.00198705  0.000350488 1 0 0 22886
                17.1 -2.03772  2.12919 -10.3227  1.52138 -0.27792  1.60145    1.14757 -0.0569305   0.109672  0.000244173  6.17361e-05 -8.98926e-06 -0.000749971   0.00197483  0.000242458 1 0 0 22868
             17.1998  -2.0886  4.59416 -10.0245    1.6408 -0.290758   1.61005   1.21982 -0.138286 0.0843975  0.000244551  4.51769e-05 -2.77622e-05 -0.000881309   0.00211294  0.000382973 1 0 0 22675
             17.2997 -1.51265  5.32531 -10.3025   1.76288 -0.308575   1.61207    1.21414  -0.189824 -0.0209204 0.000233416 7.02028e-05 -2.7882e-05 -0.000901196     0.002207  0.000502668 1 0 0 22911
             17.3996 0.0742406   3.03367  -9.91203   1.8791 -0.32904  1.60793    1.15898  -0.187647 -0.0301807  0.000219408  0.000115176 -3.35469e-05 -0.00068253  0.00228229 0.000564508 1 0 0 22796
             17.4998 -0.246675   1.50354  -8.22672   1.99425 -0.350741   1.61168   1.14593 -0.178224 0.0739553  0.000233878  0.000111525 -4.60558e-05 -0.000700316    0.0025161  0.000384767 1 0 0 22745
             17.5996 -0.368401   1.21924  -7.43046   2.11101 -0.371299   1.62424   1.17383 -0.194011  0.154396  0.00022919 9.84932e-05 -3.4845e-05 -0.000782007   0.00256908  0.000387473 1 0 0 22834
             17.6995 0.266491  1.95584 -6.35088   2.22762 -0.384087   1.63952   1.16653 -0.103359  0.128625  0.000224987  8.69995e-05 -3.71432e-05 -0.000777049   0.00243985  0.000302718 1 0 0 22774
             17.8001 -0.0181284    1.76616   -5.70556 2.34876 -0.3886 1.64574    1.21421 -0.0209786 0.00867387  0.000239872  0.000103043 -3.48006e-05 -0.000915719   0.00234778  0.000414566 1 0 0 22807
                17.9 -0.581227  0.974264  -5.63921   2.46787 -0.391286   1.64034   1.19852 -0.042472 -0.103545  0.000239376  0.000114106 -2.95058e-05 -0.000748022   0.00239731  0.000423301 1 0 0 22745
             17.9998  0.510612 -0.510075   -7.0656 2.58767 -0.3963 1.62914    1.20941 -0.0671853 -0.0840707  0.000213098  0.000122827 -2.55079e-06 -0.000741369   0.00233377  0.000413558 1 0 0 22665
             18.0996   0.2428 -0.58988 -8.53626   2.71306 -0.399565    1.6272    1.28213 -0.0464194  0.0514902 0.000246049 9.97212e-05 1.04108e-05 -0.000797065   0.00216145  0.000482893 1 0 0 22818
             18.1995 -1.63048  1.35389 -8.41261   2.84201 -0.407776   1.63589   1.29886 -0.107341   0.10074   0.00026917  7.39596e-05 -2.00028e-05 -0.000768938   0.00219988  0.000497703 1 0 0 22855
             18.3002 -1.98028  1.42769 -8.88524   2.97423 -0.427073   1.64605   1.32742 -0.197246 0.0153993  0.000251876  9.12145e-05 -1.53794e-05 -0.000838457   0.00244149  0.000206326 1 0 0 22640
                18.4 -1.87128 0.765107 -9.52822   3.10886 -0.450655   1.63569   1.36101 -0.250006 -0.126879   0.00024648  0.000102183 -1.20802e-05 -0.000866115    0.0024934  0.000490002 1 0 0 22749
             18.4998 -0.717471  0.351005  -8.31614   3.24421 -0.477883   1.62445    1.38641  -0.251309 -0.0297675  0.000233311  0.000102844 -3.09964e-05 -0.000755921    0.0026412   0.00060941 1 0 0 22681
             18.5997 -0.869849   1.73809  -6.14463   3.38633 -0.500818   1.63227   1.41932 -0.183709  0.116875  0.000258075  8.53278e-05 -4.13747e-05 -0.000845124    0.0026486  0.000489071 1 0 0 22617
             18.6995 -1.29959  3.94434 -5.38386   3.52491 -0.522511   1.64576   1.36238 -0.171238  0.106692 0.000248601 7.93682e-05  -4.259e-05 -0.00086499   0.0029367 0.000357189 1 0 0 22719
             18.7998 -1.04045   2.5303  -5.9095   3.66231 -0.537717   1.64922    1.38205  -0.126653 -0.0271713  0.000244784  0.000129499 -2.16367e-05 -0.000935112   0.00291024  0.000437156 1 0 0 22765
             18.8996 -1.55371   2.6143 -6.20657   3.79921 -0.537384   1.64135    1.38263 -0.0259917  -0.104642  0.000253571    0.0001105 -2.37669e-05 -0.000679575    0.0024587  0.000474543 1 0 0 22674
             18.9995 -1.45872  2.57385 -6.44571   3.93888 -0.543977   1.63161    1.38588 -0.0691189 -0.0183889  0.000257354  0.000116618 -2.41358e-05 -0.000868646   0.00256745  0.000606241 1 0 0 22683
             19.1001 -1.67085  3.57961 -7.20878   4.07758 -0.555487   1.64206  1.37459 -0.14012  0.13548  0.000264349  9.15355e-05 -1.27419e-05 -0.000834415   0.00265962  0.000259268 1 0 0 22815
             19.1999 -1.89835  5.03081 -7.40535    4.2125 -0.577454   1.65354    1.3464 -0.245725 0.0797878 0.000262277 9.02639e-05 -2.8849e-05 -0.00077386  0.00284269 0.000359406 1 0 0 22891
             19.2998 -1.17695  4.89514 -8.25655   4.34336 -0.604599   1.65179    1.30327  -0.277665 -0.0708537  0.000254685  0.000112824 -2.54243e-05 -0.00061858  0.00288979 0.000575998 1 0 0 23036
             19.3997 -0.219898   3.70773  -8.25345   4.47703 -0.631191   1.64162    1.34187  -0.240679 -0.0762536  0.000257342  0.000121215 -3.19103e-05 -0.000817162   0.00287317  0.000628934 1 0 0 22929
             19.4995 -0.0408752     3.7499   -6.32765   4.61554 -0.656272   1.64263   1.42426 -0.236626  0.093019  0.000263494  0.000108512 -5.38182e-05 -0.000922495   0.00298584  0.000579336 1 0 0 22780
             19.6001 0.0779969   5.40038  -5.47297   4.75939 -0.676074   1.65465   1.40278 -0.167099   0.12428  0.000264081  9.20256e-05 -4.67525e-05 -0.000968583   0.00292085  0.000552739 1 0 0 22948
                19.7 0.0520795   4.66976  -5.41276   4.89426 -0.687526   1.66874    1.34993 -0.0836042   0.120308  0.000272989  0.000135677 -3.84322e-05 -0.000798227    0.0028695  0.000492568 1 0 0 22995
             19.7998 -1.0478 3.63826 -6.0268   5.03043 -0.697147     1.678     1.3851 -0.0493426  0.0313539  0.000277544  0.000139504 -2.68092e-05 -0.000695144   0.00303438   0.00042458 1 0 0 22912
             19.8997 -2.59312   2.9733 -8.06799   5.17188 -0.702097   1.67008    1.42582 -0.0760366 -0.0625777  0.000280947  0.000130786 -7.66295e-06 -0.000914329   0.00305007  0.000770602 1 0 0 22892
             19.9995 -0.901097   4.39243  -7.73178    5.3181 -0.712064   1.67653   1.46666 -0.133158  0.142625  0.000244079  9.55394e-05 -4.25418e-05 -0.00108662  0.00298578 0.000515125 1 0 0 22996
             20.1002 -0.345611   5.36901  -8.97674 5.46261 -0.7292 1.70369   1.44706 -0.200466  0.255714  0.000251571    9.735e-05 -2.43514e-05 -0.000845291   0.00299663  5.55163e-05 1 0 0 23155
                20.2 -0.286801   5.72281   -8.5608   5.60247 -0.749746   1.72336  1.38321 -0.19415 0.142319   0.00026028  0.000114079 -4.86038e-05 -0.000674877   0.00304893  0.000212064 1 0 0 23300
             20.2999 0.345854   4.4956 -7.32138   5.73772 -0.773563   1.72795    1.35609  -0.222643 -0.0136606  0.000258592  0.000135463 -5.98304e-05 -0.000597961   0.00323925  0.000322334 1 0 0 23207
             20.3998 0.977035  3.38279 -5.16596   5.87585 -0.795098   1.72347   1.37027 -0.189051 0.0190761  0.000252583  0.000137465 -6.61349e-05 -0.000841595   0.00327657  0.000521188 1 0 0 23143
             20.4996  1.05351  3.84409 -3.37769   6.01915 -0.816608   1.73211   1.45183 -0.179919  0.117602  0.000262878  0.000120832 -5.86923e-05 -0.00103815  0.00339937 0.000484694 1 0 0 22904
             20.5994  0.65755  6.57842 -1.26522    6.1641 -0.839142   1.74398  1.44663 -0.17542 0.126001  0.000259501  9.86738e-05 -7.78324e-05 -0.00111028  0.00372415 0.000480798 1 0 0 23242
             20.7001  0.0690028    6.28842 -0.0585113   6.30633 -0.841908   1.75389    1.40987 -0.0516237  0.0523289  0.000272047  0.000150637 -7.72829e-05 -0.000980061   0.00323329  0.000531811 1 0 0 23328
             20.7999  -0.459847    5.37298 -0.0659798   6.44127 -0.839801   1.75618    1.34301 -0.0189095  0.0280103 0.000274548 0.000172848 -5.8838e-05 -0.000698824   0.00291154  0.000575988 1 0 0 23387
             20.8998 -1.87111  3.71745 -2.07337   6.57619 -0.847257   1.76467     1.3449 -0.0651158   0.148807  0.000289611  0.000177504 -2.10555e-05 -0.00079195  0.00311321 0.000539709 1 0 0 23223
             20.9996 -2.88293  3.77017 -3.87587   6.71388 -0.863527   1.78145   1.38785 -0.151375  0.159112  0.000275354   0.00014066 -2.63382e-05 -0.000975903   0.00349233  0.000499926 1 0 0 23218
             21.0995 -2.33627  5.58604 -2.81193    6.8586 -0.885741   1.79335    1.4481 -0.205139 0.0698708 0.000269674 0.000122848 -7.0237e-05 -0.0012371  0.0037016 0.00051455 1 0 0 23279
             21.2001 -1.95753    5.585   -2.595  7.00238 -0.90702  1.79031    1.4081 -0.211956 -0.087959  0.000275751  0.000154116 -5.96816e-05 -0.00123895  0.00372916 0.000615228 1 0 0 23430
                21.3 -1.36512  2.64105 -3.24273    7.1367 -0.918633   1.77919    1.35545 -0.0907736  -0.122314  0.000273279  0.000203333 -3.87231e-05 -0.000898462   0.00347507  0.000644518 1 0 0 23336
             21.3999 -2.32064  3.91032   -1.644   7.27425 -0.913861   1.77401    1.39037  0.0538411 -0.0137927  0.000304548  0.000142853 -6.55421e-05 -0.000841896    0.0030588  0.000513945 1 0 0 23301
             21.4997 -3.4295 6.01355 0.27083  7.41299 -0.91445  1.77528   1.3675  0.04849 0.020223  0.000299645  0.000140021 -8.17955e-05 -0.000977304   0.00346542  0.000474184 1 0 0 23431
             21.5995 -3.22972  5.77066  1.64032   7.54685 -0.904435   1.77599   1.32315  0.104278 -0.039388  0.000284915  0.000175517 -8.51588e-05 -0.000934791   0.00331663  0.000382369 1 0 0 23460
             21.6998 -2.91671  4.37627  2.36117   7.68029 -0.895161   1.76786    1.32165   0.105726 -0.0903746  0.000281001  0.000193939 -7.12676e-05 -0.00103426  0.00340515 0.000450167 1 0 0 23489
             21.7996 -3.24928   3.1695  1.01839   7.81356 -0.893305   1.76074     1.3165  0.0521031 0.00732522  0.000294337  0.000193955 -4.09682e-05 -0.00117393  0.00378693 0.000589201 1 0 0 23454
             21.8995 -3.54051  2.90374 -1.19168  7.94395 -0.88625  1.77044   1.32874 0.0509462  0.176746  0.000294691  0.000168428 -1.74617e-05 -0.00104081  0.00367414 0.000619038 1 0 0 23497
             22.0001 -4.55363   3.9211  -1.0876   8.08088 -0.876691   1.79181   1.37745 0.0645673  0.169774  0.000311074  0.000150315 -5.65363e-05 -0.00115241  0.00347548 0.000466784 1 0 0 23516
             22.0999 -4.57701  3.80818 -1.72346   8.21843 -0.867817   1.80156   1.36684 0.0542343 0.0202431  0.000303921  0.000167718 -4.67295e-05 -0.00119172  0.00327044 0.000395595 1 0 0 23588
             22.1998 -2.59934  1.64298 -1.59203   8.35489 -0.869343   1.80186   1.37252 0.0429204  0.015341  0.000261149  0.000186585 -4.85679e-05 -0.00115572  0.00361644  0.00042581 1 0 0 23538
             22.2997 -2.43457   2.0209 0.615112   8.4929 -0.86958  1.81024   1.38503 0.0513888  0.172375  0.000285292  0.000157074 -7.50913e-05 -0.00118526   0.0039758 0.000422134 1 0 0 23574
             22.3995 -2.29661  3.02725  2.64418   8.62916 -0.864263   1.83202  1.32217  0.11542 0.257555  0.000306467  0.000156933 -7.67072e-05 -0.00120148  0.00411886 0.000501367 1 0 0 23610
             22.5001 -2.69742  3.02651  3.17332   8.75994 -0.848902   1.85561   1.2616 0.180467 0.218336  0.000308379  0.000177215 -6.42923e-05 -0.00130793  0.00412045 0.000602442 1 0 0 23637
                22.6  -2.7316 0.748901  3.65278   8.88515 -0.831404   1.87251  1.25393 0.177395 0.126451  0.000304819  0.000210326 -5.77416e-05 -0.00133176  0.00416711 0.000610878 1 0 0 23612
             22.6998  -1.75015 -0.404112   3.05458   9.01113 -0.807144   1.88686  1.26547 0.201999 0.183524    0.0002998  0.000195433 -3.49814e-05 -0.00139488  0.00385545  0.00051389 1 0 0 23626
             22.7997 -0.407289  -0.42591   1.12271   9.13635 -0.787216   1.91221  1.24544 0.178581 0.299284  0.000295182   0.00017357 -7.21515e-06 -0.00136767  0.00378023 0.000440941 1 0 0 23587
             22.8995  -0.512635  -0.424737 -0.0676281   9.25869 -0.770688   1.94198  1.21256 0.149183 0.282653  0.000319908  0.000165149 -1.53419e-05 -0.00134538  0.00375212 0.000461408 1 0 0 23577
             23.0002   -1.42045  0.0884625 -0.0616363   9.38097 -0.761875   1.96578   1.20225 0.0923962  0.174773 0.000331014  0.00015676 -3.0928e-05 -0.00134691   0.0039638 0.000445294 1 0 0 23601
                23.1 -0.681926  -1.15373  0.457823   9.49713 -0.754589   1.97483   1.13262 0.0507375 0.0457082  0.000307005  0.000180611 -3.93174e-05 -0.00128023  0.00395288 0.000539339 1 0 0 23655
             23.1998 0.437189 -3.66031  1.75282   9.60674 -0.746202   1.97791    1.0756 0.0742596 0.0628897  0.000306818  0.000198872 -3.70413e-05  -0.0012542  0.00380684 0.000633939 1 0 0 23544
             23.2997 -0.126472  -4.96409   2.46744   9.71913 -0.743906   1.98792  1.14306 0.040767 0.157633  0.000324821  0.000184691 -1.84839e-05  -0.0014772  0.00401689 0.000720647 1 0 0 23417
             23.3996 0.0390755  -3.98879   2.94674   9.83594 -0.738768   2.00537   1.15496 0.0689752  0.169801  0.000313615  0.000154704 -1.99329e-05 -0.00169583  0.00404407 0.000635184 1 0 0 23463
             23.4998 0.609264 -3.89506  3.58772   9.94663 -0.731566   2.02126  1.07144 0.117393 0.124011  0.000312325   0.00016763 -2.26545e-05  -0.0015629  0.00417951 0.000612312 1 0 0 23594
             23.5997 0.372567 -4.99604  3.71781   10.0504 -0.722699   2.02778   1.01006  0.112471 0.0247703  0.000326083  0.000197482 -1.55814e-05 -0.00152505  0.00438137  0.00064727 1 0 0 23556
             23.6995 0.334483 -6.74972  2.71232   10.1457 -0.715769   2.03317  0.941519 0.0993288 0.0375044 0.000318919 0.000198399 9.78383e-06 -0.00133197  0.00460448 0.000419955 1 0 0 23448
             23.8002 0.632594 -7.29649  1.86999   10.2422 -0.699298   2.03723  0.975912  0.124352 0.0783033 0.000335633 0.000177495 1.61139e-05  -0.0014609  0.00430831 0.000532822 1 0 0 23403
                23.9 0.266895 -5.80241  1.91435   10.3424 -0.689681    2.0478  1.01005 0.069898  0.12238  0.000332046  0.000135653 -2.84504e-06  -0.0015094  0.00429456 0.000510336 1 0 0 23438
             23.9998 -0.461815  -4.29364   2.79496   10.4458 -0.682061   2.05913   1.02155 0.0422396 0.0987763  0.000344765  0.000138682 -2.65188e-05 -0.00169304  0.00413079 0.000574121 1 0 0 23522
             24.0997 -0.0324537   -5.12947     2.4642   10.5439 -0.677262   2.06034   0.947074  0.0142971 -0.0472291  0.000344151  0.000181986 -1.45307e-05  -0.0016189   0.0039888 0.000746393 1 0 0 23598
             24.1995  1.07216 -6.93153  3.08868   10.6357 -0.685791   2.05168   0.919272 -0.0564137 -0.0869522  0.000324582  0.000193466 -1.97656e-05 -0.00149745  0.00439924  0.00077903 1 0 0 23524
             24.3002 0.814779 -6.84449  4.80969   10.7349 -0.707403   2.05209   1.00195 -0.171097 0.0771498   0.00033384  0.000172625 -3.09386e-05 -0.00171919  0.00508629 0.000610888 1 0 0 23486
                24.4 -0.0456974   -6.71832    5.60472    10.835 -0.718257   2.06351   0.998873 -0.0923903   0.118814 0.000356614 0.000179356 -1.9376e-05 -0.00171195  0.00490601 0.000677086 1 0 0 23557
             24.4999 -0.31974 -4.94425  5.87789   10.9304 -0.716987    2.0778   0.950369 -0.0316515   0.119366  0.000359912  0.000151585 -2.49406e-05 -0.00160558  0.00442948 0.000413772 1 0 0 23657
             24.5997 -0.0987832   -5.84418    6.04023   11.0239 -0.725133   2.08567   0.914526 -0.0431771  0.0415637  0.000343567  0.000193197 -2.30451e-05 -0.00161246  0.00473089  0.00048446 1 0 0 23673
             24.6995 -0.508118  -6.51543   5.16478  11.1122 -0.72784  2.08473    0.856826  -0.0467495 -0.00853568  0.000363336  0.000190448 -6.93149e-06 -0.00152608  0.00460297  0.00062674 1 0 0 23660
             24.7998 -0.07398 -7.98282  2.96997   11.1963 -0.729942   2.08218   0.819987 -0.0179917 0.00480386 0.000344741 0.000195885 1.48441e-05 -0.00152419  0.00450013 0.000840024 1 0 0 23647
             24.8996 -0.363506  -7.71158   1.06544   11.2812 -0.719113   2.08671  0.875029 0.0511603  0.065987 0.000372681 0.000159564 1.98256e-05 -0.00172793  0.00389641 0.000829369 1 0 0 23660
             24.9995 -0.735973  -6.21287    1.3988  11.3736 -0.71676  2.09192    0.925793 0.000574184   0.0542661  0.000384663  0.000152881 -1.05301e-05 -0.00195209  0.00392222 0.000929202 1 0 0 23706
             25.1001 -0.014316  -6.74969   1.37365   11.4649 -0.722995   2.09542     0.8896 -0.0454748 -0.0396576  0.000363958  0.000184438 -2.26324e-06 -0.00198434  0.00417263 0.000748995 1 0 0 23788
                25.2 0.589078  -7.4311  2.41218   11.5465 -0.738627   2.08939  0.795201 -0.084315 -0.097372    0.0003676  0.000185415 -1.11152e-05 -0.00162023   0.0047892 0.000508848 1 0 0 23709
             25.2999 -0.656672  -7.87906   4.12224   11.6204 -0.756537   2.08027   0.716052  -0.164372 -0.0327971  0.000376621  0.000188647 -3.92923e-05 -0.00143543  0.00519408  0.00059898 1 0 0 23728
             25.3997 -0.746993  -7.73406   5.51291   11.6942 -0.784421   2.08404  0.706466 -0.233438 0.0792571  0.000361459  0.000180201 -3.18178e-05 -0.00160822  0.00569664 0.000645781 1 0 0 23730
             25.4996 -1.31692  -5.9206  6.04084   11.7618 -0.802404   2.09725  0.629089 -0.214978  0.105648  0.000376866   0.00015517 -1.89503e-05 -0.00181001  0.00544673 0.000333163 1 0 0 23823
             25.5998 -1.43508  -6.1423  5.07677   11.8246 -0.820457    2.1021  0.581318 -0.234403 0.0244359  0.000381629  0.000191093 -1.22263e-05 -0.00211046  0.00515472 0.000493495 1 0 0 23883
             25.6996 -0.869173  -6.39853   2.98966   11.8768 -0.843583   2.09869    0.46526  -0.270289 -0.0265429  0.000399024  0.000196744 -1.02416e-05 -0.00206647  0.00500622 0.000674757 1 0 0 23859
             25.7995 0.978052 -7.33153 -1.22852  11.9129 -0.84699  2.10063   0.38232 -0.131317 0.0637495 0.000389501 0.000185217 5.14656e-05 -0.00177016  0.00387863  0.00061234 1 0 0 23807
             25.9001 -0.424218  -5.57576  -3.43534   11.9539 -0.859862   2.10829  0.357911 -0.161794 0.0572115 0.000442766 0.000132156 4.08739e-05 -0.00200964  0.00382478 0.000627017 1 0 0 23831
                  26 0.498379 -5.40731 -4.62038    11.984 -0.891286   2.10676   0.231447  -0.347769 -0.0262244 0.000392398 0.000142591 3.21512e-05 -0.00206884   0.0041757 0.000818659 1 0 0 23886
             26.0998  2.60452 -5.75303 -6.34616   12.0032 -0.937202   2.10649   0.165691  -0.469209 -0.0125346 0.000350074 0.000145092 4.34189e-05 -0.00207311  0.00449669 0.000654414 1 0 0 23863
             26.1996  2.58632 -5.46862 -10.0006    12.016 -0.991785   2.10676  0.0850849  -0.599332 -0.0211601 0.000365285 0.000135366 7.10031e-05 -0.00212627  0.00456437  0.00050901 1 0 0 23844
             26.2995  2.45927 -5.57834 -13.6927  12.0184 -1.04079  2.11168 0.0284248 -0.556162 0.0332783 0.000360217 0.000118851 7.12849e-05 -0.00187198  0.00402395 0.000133241 1 0 0 23801
             26.4001  1.79247 -3.40979 -16.1715  12.0197 -1.09776  2.12005 -0.0051801  -0.551861  0.0771294 0.000342943 5.99109e-05 4.99834e-05  -0.00183234   0.00406561 -7.00182e-05 1 0 0 23736
                26.5  2.83278 -2.68451 -17.9821  12.017 -1.1558 2.12084 -0.070474 -0.484601 0.0246359 0.000298322 6.75038e-05 2.86767e-05 -0.00201873  0.00436245 0.000266032 1 0 0 23802
             26.5998  3.56862 -1.94312 -19.3896  12.0088 -1.21147  2.11444 -0.0965312   -0.41859 -0.0263484 0.000305649   5.726e-05 3.45868e-05  -0.0022362  0.00497484 0.000751931 1 0 0 23793
             26.6997  3.77171 -1.72753 -19.7771 11.9993 -1.2556 2.10464  -0.117672  -0.315104 -0.0765839 0.000317333 6.00662e-05 1.71912e-05 -0.00250048  0.00537637  0.00114532 1 0 0 23769
             26.7995  4.48685 -2.00108 -18.3734  11.9838 -1.27261  2.10083  -0.157642  -0.093806 -0.0616327  0.000301744  6.52134e-05 -9.78961e-06 -0.00227147   0.0052074 0.000888688 1 0 0 23746
             26.9001  4.53699 -2.02143 -15.6588  11.9635 -1.27839  2.09803  -0.204971  0.0378294 -0.0385252 0.000301892 7.67061e-05 -3.5938e-05 -0.00219345   0.0054558 0.000634031 1 0 0 23824
                  27  3.84151 -2.57877 -12.6661  11.9414 -1.27414  2.09505   -0.23039    0.14101 -0.0286907  0.000307176  9.97228e-05 -4.54973e-05 -0.00231233    0.005744  0.00055472 1 0 0 23818
             27.0998  2.33166  -2.7044 -9.31619  11.9176 -1.26355  2.08789  -0.259053   0.202294 -0.0671571 0.000338412 0.000100026 -4.4396e-05 -0.00253164  0.00621721 0.000720628 1 0 0 23860
             27.1997  1.54363 -2.84248 -6.68879  11.8888 -1.23633   2.0795  -0.332875   0.298531 -0.0973213  0.000321427  0.000120352 -4.39053e-05  -0.0025508  0.00609506 0.000744063 1 0 0 23902
             27.2996  1.09974 -2.83041 -4.61384  11.8543 -1.21362    2.066  -0.37925  0.282332 -0.139114  0.000353358  0.000121434 -2.28281e-05 -0.00275492  0.00650649 0.000855516 1 0 0 23891
             27.3998 0.518229 -2.05224 -2.50929  11.8098 -1.18858  2.05295  -0.43775  0.226372 -0.131533  0.000356631  0.000121329 -4.25963e-05 -0.00244432   0.0066193 0.000767047 1 0 0 23913
             27.4996 -0.247759  -1.96711 -0.618069  11.7655 -1.17059  2.04304  -0.428322   0.119567 -0.0748374  0.000410277  0.000154527 -5.82179e-05 -0.00235045  0.00660104 0.000724139 1 0 0 23895
             27.5995 -0.591191  -1.87883   1.96658  11.722 -1.1541 2.03936   -0.44144  0.0250746 -0.0451953  0.000421167  0.000178223 -7.65796e-05 -0.00237311  0.00607689 0.000559607 1 0 0 23919
             27.7001 -0.133833  -2.48229   3.57241  11.6756 -1.16029  2.03908   -0.484313   -0.153535 0.000350329 0.000427375 0.000202864 -7.3135e-05 -0.00242958   0.0060602 0.000347442 1 0 0 23886
                27.8 -0.451524  -4.49757   3.52056  11.6257 -1.18282  2.03862   -0.514559   -0.284988 -0.00569884  0.000424298  0.000225578 -4.18179e-05 -0.00243823  0.00606334 0.000425179 1 0 0 23897
             27.8998 -0.370875  -5.66954   4.89356  11.5768 -1.21966  2.03298 -0.507675 -0.343087 -0.042387  0.000411171  0.000217622 -5.70067e-05 -0.00257678  0.00633154 0.000656578 1 0 0 23879
             27.9996 0.608573 -6.40674  5.51421  11.5266 -1.24873  2.02921  -0.495035  -0.238246 -0.0460531  0.000383737  0.000207539 -3.73165e-05 -0.00263558  0.00627702 0.000636645 1 0 0 23864
             28.0995 0.328736 -6.37853  7.32455  11.4791 -1.26168  2.02542  -0.427027 -0.0707245  -0.027651  0.000398895  0.000203338 -5.10392e-05 -0.00253448  0.00612694 0.000663155 1 0 0 23802
             28.2001 0.250756 -3.29308  9.56905  11.4416 -1.26168  2.02288  -0.384493  0.0448028 -0.0154052  0.000395167  0.000169712 -7.25101e-05 -0.00277963  0.00604012 0.000667647 1 0 0 23803
                28.3  0.36324 -2.67499  11.7777 11.4015 -1.2529 2.02959 -0.438755  0.163428  0.039764  0.000386212  0.000216607 -8.59561e-05 -0.00297557  0.00613387 0.000204248 1 0 0 23870
             28.3998 -0.202245  -1.85802   14.4273  11.3511 -1.23668  2.03532 -0.528827  0.223884 0.0463915  0.000388988   0.00021827 -0.000103337 -0.00267152  0.00634833 5.73317e-05 1 0 0 23850
             28.4997  -1.2538 -2.17226  16.4031  11.2934 -1.21355  2.03859 -0.602659   0.25951  0.027193  0.000402686  0.000243567 -0.000102183 -0.00250837  0.00643136 0.000119529 1 0 0 23782
             28.5995 -0.999149  -1.66614   17.3138  11.2321 -1.17761  2.03258   -0.61985   0.319587 -0.0728522  0.000386171   0.00023416 -9.20693e-05  -0.0026761  0.00600906 0.000470242 1 0 0 23785
             28.7002 -0.662786 -0.113976   15.8128  11.1714 -1.14828  2.02649  -0.589217   0.249772 -0.0450828  0.000382162  0.000217872 -5.84752e-05 -0.00272713   0.0059913 0.000384438 1 0 0 23803
                28.8 -0.643585 -0.147849   12.7937 11.1161 -1.1226 2.01877  -0.514336   0.216263 -0.0494401  0.000416119  0.000238694 -2.61135e-05 -0.00279299  0.00577716 0.000679343 1 0 0 23811
             28.8999 -0.753027   1.53498     13.09  11.0689 -1.10615  2.01535    -0.4466   0.133511 -0.0273966  0.000406568  0.000208949 -8.33426e-05 -0.00278368   0.0059285   0.0006508 1 0 0 23867
             28.9997 -0.548291   2.54205   13.7043   11.025 -1.10089  2.01363   -0.451842   0.0201227 -0.00679239  0.000381384  0.000220765 -9.82799e-05 -0.00276331  0.00605859 0.000646461 1 0 0 23872
             29.0995 -0.149506    1.7687   15.5878   10.981 -1.10523  2.01674  -0.452785 -0.0373981  0.0278638  0.000400079   0.00025401 -0.000113813 -0.00279316  0.00630932 0.000476205 1 0 0 23839
             29.2002 -0.105098  0.849418   17.7111  10.9374 -1.11989  2.02157 -0.462654 -0.156144 0.0547085  0.000378769  0.000263761 -0.000125234 -0.00290176  0.00669709 0.000394999 1 0 0 23801
             29.3001 -0.039487 -0.979466    19.972  10.8897 -1.14043  2.02575 -0.483314 -0.197658 0.0231045  0.000386196  0.000286613 -0.000118667 -0.00279027  0.00683753 0.000442692 1 0 0 23761
             29.3999 -0.742525 0.0462268   22.1033  10.8441 -1.15925  2.02343   -0.42748  -0.190449 -0.0615241 0.000397476 0.000254702 -0.00011456 -0.00287312  0.00682751 0.000466689 1 0 0 23764
             29.4998 -0.9423 2.96746 23.3491  10.8064 -1.17512  2.01575  -0.348442  -0.195661 -0.0637455 0.000391178 0.000230465 -0.00011923 -0.00305356  0.00662948 0.000494471 1 0 0 23772
             29.5996 -1.47766   3.6475  22.2346  10.7708 -1.19668  2.00663  -0.389096  -0.213327 -0.0981532  0.000395788  0.000264675 -9.94461e-05 -0.00306604  0.00669831 0.000667168 1 0 0 23757
             29.6998 -2.71775   4.7488  18.7668  10.7255 -1.21254  1.99743 -0.451979 -0.171015 -0.120742  0.000414439  0.000250021 -6.11104e-05 -0.00294477  0.00639911 0.000518721 1 0 0 23801
             29.7997 -3.00726  7.56041   14.655  10.6781 -1.22902  1.98743  -0.484653  -0.158449 -0.0930324  0.000401125  0.000204465 -6.82554e-05  -0.002798 0.00633633 0.00049019 1 0 0 23901
             29.8995 -3.78819  9.05942  9.33566   10.627 -1.23543  1.97749  -0.536941 -0.0714291 -0.0614523  0.000448755  0.000206076 -4.68921e-05  -0.0029904  0.00598704 0.000637303 1 0 0 23867
             30.0001 -3.75487  9.02551  4.13245  10.5686 -1.23832  1.96986  -0.603854  -0.023108 -0.0676283 0.000443362 0.000209867 -3.9807e-05 -0.00296868  0.00585521 0.000794032 1 0 0 23870
                30.1 -3.42029  9.50952  -1.2393  10.5122 -1.24242  1.95916  -0.557711 -0.0500578 -0.0951121  0.000438037  0.000186004 -3.81402e-05 -0.00327179  0.00591884 0.000955972 1 0 0 23853
             30.1998 -2.96538  10.9959 -7.03307  10.4611 -1.24176  1.94824  -0.472993  -0.070549 -0.0966663  0.000429445  0.000143747 -3.77965e-05 -0.00338588  0.00551024  0.00101966 1 0 0 23862
             30.2997 -3.55578  13.3939 -12.7751  10.4164 -1.25136  1.94303  -0.463289  -0.125367 -0.0458161 0.000439526 0.000110402 -2.8691e-05 -0.00345316  0.00549873 0.000826569 1 0 0 23708
             30.3995 -3.30621  13.8755  -17.467  10.3608 -1.25667  1.95493 -0.568824 -0.133712 0.0861511  0.000402959  0.000101302 -6.68742e-05  -0.0027922  0.00513431 0.000104667 1 0 0 23566
             30.5001 -2.60365  13.2521 -21.7126  10.3006 -1.27678  1.97222 -0.606665 -0.198487  0.127442  0.000379659  8.32914e-05 -6.67934e-05 -0.00264862  0.00540597  -0.0004253 1 0 0 23673
                30.6 -1.68452  12.9867 -24.3942  10.2453 -1.30817  1.97462 -0.581761 -0.311752 0.0173277 0.000351119 7.23015e-05 -0.00010329  -0.00335421   0.00564564 -8.73004e-05 1 0 0 23682
             30.6998 -0.459578   14.0788  -27.1741 10.1879 -1.3507 1.96508  -0.570585  -0.414485 -0.0955588  0.000337068  3.36853e-05 -0.000111839 -0.00372551  0.00593759 0.000335705 1 0 0 23674
             30.7997 -0.301401   15.8244  -30.1481  10.1305 -1.39763  1.95454  -0.568088  -0.420039 -0.0892872  0.000382831  7.18188e-07 -9.36667e-05 -0.00386008  0.00621726 0.000417612 1 0 0 23652
             30.8995 -0.96521  17.0332 -34.4779  10.0755 -1.44515  1.94384  -0.553735  -0.391315 -0.0862494  0.000396647 -1.38912e-05 -6.79628e-05 -0.00430173  0.00650876  0.00044749 1 0 0 23656
             31.0001 -0.983169   18.1104  -38.2044  10.0164 -1.47708  1.93759  -0.583966  -0.243289 -0.0450003  0.000392786 -2.06736e-05 -7.39272e-05 -0.00413105  0.00658386  0.00053635 1 0 0 23687
                31.1 -1.08084  18.0408 -41.3759  9.95609 -1.49249  1.93274 -0.605452 -0.112552 -0.059812  0.000428847 -1.70467e-05  -6.9539e-05 -0.00392972  0.00652258 0.000552446 1 0 0 23699
             31.1998 -0.50787  17.9353 -44.4779  9.89412 -1.50348  1.92726  -0.604458 -0.0377255 -0.0625247  0.000415557 -3.04964e-05 -6.83958e-05 -0.00399853   0.0067248 0.000447977 1 0 0 23678
             31.2997 -0.39876  18.6273 -47.0448  9.83251 -1.50227  1.92215  -0.606511  0.0598997 -0.0642278  0.000441518 -6.11438e-05 -6.50378e-05 -0.00386791  0.00682403 0.000313217 1 0 0 23676
             31.3996 -0.222869   19.1354  -50.2588 9.77458 -1.4911 1.91827  -0.582375   0.118332 -0.0241018  0.000452138  -7.6325e-05 -3.99397e-05 -0.00379966  0.00664633 0.000201309 1 0 0 23668
